#name	%unambiguousReads	unambiguousMB	%ambiguousReads	ambiguousMB	unambiguousReads	ambiguousReads	assignedReads	assignedBases
GCfix_000952	1.17810	0.400811	0.00000	0.000000	5113	0	5176	405936
GCall_008070	0.35207	0.165496	0.00000	0.000000	1528	0	1548	168232
GCall_004788	0.32903	0.154977	0.00000	0.000000	1428	0	1440	156640
GCall_010027	0.32557	0.153170	0.00000	0.000000	1413	0	1432	155606
GCfix_003152	0.28341	0.133102	0.00000	0.000000	1230	0	1244	134886
GCall_001634	0.28295	0.133574	0.00000	0.000000	1228	0	1244	135798
GCfix_000358	0.27534	0.128742	0.00000	0.000000	1195	0	1210	130784
GCfix_008874	0.27511	0.129271	0.00000	0.000000	1194	0	1204	130556
GCall_006378	0.27304	0.128403	0.00000	0.000000	1185	0	1202	130770
GCfix_002038	0.27189	0.127195	0.00000	0.000000	1180	0	1190	128524
GCfix_010422	0.27027	0.127045	0.00000	0.000000	1173	0	1196	130260
GCfix_000590	0.27004	0.126671	0.00000	0.000000	1172	0	1186	128438
GCfix_011827	0.26728	0.125077	0.00000	0.000000	1160	0	1182	127636
GCall_001851	0.26682	0.125473	0.00000	0.000000	1158	0	1178	128160
GCall_006870	0.26198	0.122808	0.00000	0.000000	1137	0	1154	125034
GCfix_011715	0.26083	0.122984	0.00000	0.000000	1132	0	1152	125664
GCfix_010893	0.26083	0.122868	0.00000	0.000000	1132	0	1150	125290
GCall_005749	0.25898	0.121142	0.00000	0.000000	1124	0	1134	122320
GCfix_005405	0.25714	0.121060	0.00000	0.000000	1116	0	1132	123240
GCall_000439	0.25714	0.120445	0.00000	0.000000	1116	0	1136	122898
GCfix_002883	0.25553	0.119290	0.00000	0.000000	1109	0	1118	120534
GCall_006502	0.25553	0.120021	0.00000	0.000000	1109	0	1126	122506
GCall_008868	0.25161	0.118066	0.00000	0.000000	1092	0	1110	120364
GCfix_007750	0.25138	0.118235	0.00000	0.000000	1091	0	1104	119948
GCall_008247	0.25138	0.117940	0.00000	0.000000	1091	0	1118	121340
GCall_002983	0.25000	0.117450	0.00000	0.000000	1085	0	1100	119456
GCall_009919	0.24885	0.116712	0.00000	0.000000	1080	0	1096	118630
GCall_009124	0.24815	0.116706	0.00000	0.000000	1077	0	1094	118890
GCall_010142	0.24608	0.115679	0.00000	0.000000	1068	0	1084	117916
GCfix_009103	0.24539	0.115241	0.00000	0.000000	1065	0	1072	116192
GCfix_010983	0.24516	0.115215	0.00000	0.000000	1064	0	1076	116716
GCall_010123	0.24516	0.115426	0.00000	0.000000	1064	0	1082	117928
GCall_005056	0.24401	0.114374	0.00000	0.000000	1059	0	1076	116588
GCfix_005060	0.24355	0.114063	0.00000	0.000000	1057	0	1072	116004
GCfix_001586	0.24332	0.114505	0.00000	0.000000	1056	0	1068	116160
GCfix_002804	0.24170	0.113596	0.00000	0.000000	1049	0	1062	115424
GCall_007880	0.24078	0.114609	0.00000	0.000000	1045	0	1076	118858
GCall_004122	0.24032	0.112481	0.00000	0.000000	1043	0	1060	114792
GCall_006957	0.23917	0.112271	0.00000	0.000000	1038	0	1050	113772
GCfix_000188	0.23871	0.111913	0.00000	0.000000	1036	0	1052	113994
GCfix_000077	0.23663	0.111287	0.00000	0.000000	1027	0	1036	112524
GCall_004481	0.23663	0.110785	0.00000	0.000000	1027	0	1044	113074
GCall_004436	0.23663	0.110900	0.00000	0.000000	1027	0	1042	112742
GCfix_002088	0.23640	0.110597	0.00000	0.000000	1026	0	1038	112068
GCfix_007304	0.23594	0.110495	0.00000	0.000000	1024	0	1036	111886
GCfix_005473	0.23525	0.110502	0.00000	0.000000	1021	0	1034	112310
GCfix_004183	0.23502	0.110392	0.00000	0.000000	1020	0	1034	112056
GCfix_004076	0.23456	0.110524	0.00000	0.000000	1018	0	1032	112266
GCall_005748	0.23433	0.109930	0.00000	0.000000	1017	0	1034	112302
GCall_011608	0.23272	0.109219	0.00000	0.000000	1010	0	1028	111674
GCfix_011331	0.22926	0.107975	0.00000	0.000000	995	0	1010	110002
GCfix_007507	0.22788	0.106614	0.00000	0.000000	989	0	998	107722
GCall_005062	0.22788	0.106857	0.00000	0.000000	989	0	1002	108586
GCall_002161	0.22465	0.105040	0.00000	0.000000	975	0	990	106642
GCfix_001910	0.22442	0.105869	0.00000	0.000000	974	0	990	108028
GCfix_005933	0.22304	0.104643	0.00000	0.000000	968	0	978	105754
GCfix_010475	0.22235	0.104422	0.00000	0.000000	965	0	976	105958
GCall_010815	0.22050	0.103573	0.00000	0.000000	957	0	976	105918
GCall_008380	0.21935	0.102762	0.00000	0.000000	952	0	966	104542
GCall_000369	0.21935	0.103028	0.00000	0.000000	952	0	970	105296
GCall_004601	0.21912	0.103151	0.00000	0.000000	951	0	962	104536
GCall_010748	0.21797	0.101907	0.00000	0.000000	946	0	958	103518
GCall_004442	0.21774	0.102637	0.00000	0.000000	945	0	956	104028
GCfix_011936	0.21751	0.102398	0.00000	0.000000	944	0	954	103642
GCall_006217	0.21682	0.101663	0.00000	0.000000	941	0	956	103614
GCfix_009734	0.21659	0.101412	0.00000	0.000000	940	0	950	102668
GCfix_006706	0.21636	0.100887	0.00000	0.000000	939	0	952	102556
GCfix_000668	0.21613	0.101747	0.00000	0.000000	938	0	950	103388
GCfix_008919	0.21590	0.100990	0.00000	0.000000	937	0	954	103048
GCfix_005555	0.21567	0.101191	0.00000	0.000000	936	0	948	102710
GCall_010506	0.21567	0.100885	0.00000	0.000000	936	0	948	102528
GCall_001080	0.21521	0.101119	0.00000	0.000000	934	0	950	103146
GCfix_007349	0.21497	0.100842	0.00000	0.000000	933	0	954	103578
GCfix_001423	0.21428	0.100821	0.00000	0.000000	930	0	944	102668
GCall_005872	0.21313	0.099803	0.00000	0.000000	925	0	936	101200
GCfix_005678	0.21290	0.099896	0.00000	0.000000	924	0	936	101490
GCfix_008218	0.21244	0.099575	0.00000	0.000000	922	0	926	100060
GCall_003884	0.21244	0.099317	0.00000	0.000000	922	0	932	100568
GCall_010977	0.21221	0.099330	0.00000	0.000000	921	0	926	100044
GCall_000208	0.21221	0.099599	0.00000	0.000000	921	0	934	101314
GCall_010169	0.21198	0.099508	0.00000	0.000000	920	0	934	101442
GCfix_004391	0.21175	0.099400	0.00000	0.000000	919	0	932	101092
GCfix_005310	0.21152	0.098883	0.00000	0.000000	918	0	926	99860
GCall_010902	0.21152	0.099445	0.00000	0.000000	918	0	928	100686
GCall_001919	0.21129	0.099301	0.00000	0.000000	917	0	932	101226
GCfix_006160	0.21106	0.099342	0.00000	0.000000	916	0	926	100594
GCfix_005857	0.21106	0.098476	0.00000	0.000000	916	0	928	99990
GCfix_005569	0.21106	0.098792	0.00000	0.000000	916	0	930	100704
GCfix_008531	0.21037	0.098355	0.00000	0.000000	913	0	930	100496
GCall_011861	0.20921	0.097808	0.00000	0.000000	908	0	914	98624
GCall_005204	0.20921	0.098341	0.00000	0.000000	908	0	922	100108
GCall_010677	0.20668	0.096752	0.00000	0.000000	897	0	906	97938
GCall_002517	0.20668	0.097043	0.00000	0.000000	897	0	912	99036
GCall_008236	0.20576	0.096942	0.00000	0.000000	893	0	902	98126
GCfix_002813	0.20553	0.096330	0.00000	0.000000	892	0	906	98026
GCall_003620	0.20553	0.096528	0.00000	0.000000	892	0	900	97600
GCfix_004611	0.20484	0.096387	0.00000	0.000000	889	0	906	98586
GCfix_006184	0.20415	0.095564	0.00000	0.000000	886	0	894	96574
GCfix_009343	0.20115	0.094732	0.00000	0.000000	873	0	886	96546
GCfix_000661	0.20069	0.094283	0.00000	0.000000	871	0	884	95936
GCall_007232	0.20046	0.093843	0.00000	0.000000	870	0	882	95304
GCall_003002	0.20023	0.093726	0.00000	0.000000	869	0	878	94830
GCall_010192	0.20000	0.094281	0.00000	0.000000	868	0	882	95982
GCfix_001509	0.19931	0.093553	0.00000	0.000000	865	0	880	95444
GCall_003574	0.19931	0.093346	0.00000	0.000000	865	0	874	94504
GCall_006830	0.19908	0.093364	0.00000	0.000000	864	0	874	94732
GCall_002328	0.19885	0.093514	0.00000	0.000000	863	0	868	94222
GCall_003083	0.19839	0.093391	0.00000	0.000000	861	0	876	95402
GCfix_000287	0.19815	0.092825	0.00000	0.000000	860	0	872	94516
GCall_008644	0.19792	0.093021	0.00000	0.000000	859	0	870	94532
GCfix_006220	0.19769	0.092925	0.00000	0.000000	858	0	874	95004
GCfix_005163	0.19746	0.092630	0.00000	0.000000	857	0	870	94250
GCall_004897	0.19746	0.092860	0.00000	0.000000	857	0	870	94492
GCall_009745	0.19677	0.092912	0.00000	0.000000	854	0	866	94570
GCall_008336	0.19677	0.091983	0.00000	0.000000	854	0	870	94038
GCfix_006285	0.19585	0.091932	0.00000	0.000000	850	0	862	93478
GCall_005460	0.19585	0.091836	0.00000	0.000000	850	0	864	93784
GCall_004019	0.19585	0.091902	0.00000	0.000000	850	0	860	93254
GCfix_011728	0.19539	0.091681	0.00000	0.000000	848	0	860	93270
GCall_010329	0.19493	0.091191	0.00000	0.000000	846	0	858	92592
GCfix_008578	0.19470	0.091041	0.00000	0.000000	845	0	858	92788
GCfix_002652	0.19470	0.091172	0.00000	0.000000	845	0	854	92294
GCall_002628	0.19470	0.091444	0.00000	0.000000	845	0	858	93076
GCall_011687	0.19447	0.091544	0.00000	0.000000	844	0	858	93390
GCall_003919	0.19424	0.091450	0.00000	0.000000	843	0	864	94308
GCall_000331	0.19424	0.091602	0.00000	0.000000	843	0	852	92952
GCfix_001628	0.19401	0.091206	0.00000	0.000000	842	0	852	92534
GCfix_011094	0.19378	0.091104	0.00000	0.000000	841	0	852	92526
GCall_008503	0.19355	0.091003	0.00000	0.000000	840	0	854	92884
GCfix_010714	0.19332	0.090833	0.00000	0.000000	839	0	852	92504
GCfix_005198	0.19332	0.091215	0.00000	0.000000	839	0	846	92200
GCall_011713	0.19332	0.090560	0.00000	0.000000	839	0	848	91704
GCall_003050	0.19262	0.089899	0.00000	0.000000	836	0	846	91292
GCall_006461	0.19216	0.090380	0.00000	0.000000	834	0	842	91480
GCfix_002677	0.19101	0.089296	0.00000	0.000000	829	0	844	91232
GCfix_001892	0.19101	0.090128	0.00000	0.000000	829	0	844	92144
GCall_000282	0.19101	0.089528	0.00000	0.000000	829	0	840	90930
GCall_009628	0.19078	0.089399	0.00000	0.000000	828	0	840	91002
GCfix_008370	0.19055	0.089100	0.00000	0.000000	827	0	846	91560
GCfix_005179	0.18963	0.089099	0.00000	0.000000	823	0	832	90176
GCfix_004146	0.18963	0.088957	0.00000	0.000000	823	0	834	90490
GCall_000366	0.18963	0.089000	0.00000	0.000000	823	0	834	90474
GCfix_002058	0.18917	0.088898	0.00000	0.000000	821	0	832	90308
GCall_005933	0.18894	0.088534	0.00000	0.000000	820	0	826	89394
GCfix_007747	0.18756	0.088040	0.00000	0.000000	814	0	822	89094
GCall_004064	0.18733	0.087682	0.00000	0.000000	813	0	820	88594
GCall_001203	0.18686	0.087950	0.00000	0.000000	811	0	822	89398
GCfix_011884	0.18663	0.087353	0.00000	0.000000	810	0	820	88654
GCall_007207	0.18663	0.087758	0.00000	0.000000	810	0	824	89524
GCall_006262	0.18663	0.086988	0.00000	0.000000	810	0	818	88154
GCfix_006179	0.18571	0.087121	0.00000	0.000000	806	0	818	88724
GCall_010833	0.18525	0.086500	0.00000	0.000000	804	0	808	87068
GCfix_006793	0.18502	0.086737	0.00000	0.000000	803	0	816	88430
GCall_010314	0.18502	0.086675	0.00000	0.000000	803	0	818	88544
GCall_009878	0.18479	0.086967	0.00000	0.000000	802	0	814	88694
GCfix_009936	0.18456	0.086561	0.00000	0.000000	801	0	814	88238
GCfix_007757	0.18456	0.086946	0.00000	0.000000	801	0	812	88448
GCall_007688	0.18433	0.086520	0.00000	0.000000	800	0	808	87656
GCall_006853	0.18249	0.085580	0.00000	0.000000	792	0	800	86594
GCfix_006392	0.18226	0.085469	0.00000	0.000000	791	0	806	87442
GCfix_006046	0.18203	0.085161	0.00000	0.000000	790	0	804	86966
GCall_007316	0.18203	0.085675	0.00000	0.000000	790	0	796	86420
GCall_006488	0.18203	0.086025	0.00000	0.000000	790	0	806	88282
GCfix_007957	0.18110	0.085331	0.00000	0.000000	786	0	794	86462
GCall_003922	0.18110	0.085137	0.00000	0.000000	786	0	804	87312
GCall_009985	0.18041	0.085005	0.00000	0.000000	783	0	792	86106
GCall_006242	0.18041	0.084593	0.00000	0.000000	783	0	792	85806
GCall_007925	0.17972	0.084244	0.00000	0.000000	780	0	790	85578
GCall_011452	0.17949	0.084742	0.00000	0.000000	779	0	788	86092
GCfix_011878	0.17903	0.084215	0.00000	0.000000	777	0	784	85156
GCfix_006258	0.17903	0.083797	0.00000	0.000000	777	0	788	85180
GCfix_005505	0.17811	0.083711	0.00000	0.000000	773	0	786	85544
GCall_003996	0.17811	0.083106	0.00000	0.000000	773	0	788	85078
GCall_001167	0.17788	0.083597	0.00000	0.000000	772	0	782	84904
GCfix_008538	0.17742	0.083268	0.00000	0.000000	770	0	788	85430
GCfix_007042	0.17696	0.082854	0.00000	0.000000	768	0	780	84396
GCfix_009378	0.17627	0.082962	0.00000	0.000000	765	0	774	84096
GCfix_004562	0.17580	0.082636	0.00000	0.000000	763	0	770	83620
GCfix_009899	0.17534	0.082213	0.00000	0.000000	761	0	770	83400
GCfix_010596	0.17488	0.082331	0.00000	0.000000	759	0	768	83614
GCfix_000833	0.17488	0.082016	0.00000	0.000000	759	0	764	82670
GCfix_004361	0.17442	0.081522	0.00000	0.000000	757	0	768	82976
GCfix_000022	0.17419	0.081569	0.00000	0.000000	756	0	762	82324
GCfix_011918	0.17396	0.081272	0.00000	0.000000	755	0	766	82684
GCfix_007047	0.17373	0.081495	0.00000	0.000000	754	0	758	82062
GCall_002482	0.17373	0.081419	0.00000	0.000000	754	0	760	82214
GCfix_002655	0.17350	0.081427	0.00000	0.000000	753	0	760	82284
GCfix_000458	0.17350	0.081674	0.00000	0.000000	753	0	764	82942
GCfix_004719	0.17258	0.081052	0.00000	0.000000	749	0	752	81502
GCall_008912	0.17212	0.080700	0.00000	0.000000	747	0	760	82442
GCall_007723	0.17212	0.082746	0.00000	0.000000	747	0	766	85596
GCall_009760	0.17189	0.080744	0.00000	0.000000	746	0	752	81578
GCall_007574	0.17166	0.080704	0.00000	0.000000	745	0	756	82064
GCall_009233	0.17143	0.081298	0.00000	0.000000	744	0	760	83544
GCfix_004976	0.17120	0.080340	0.00000	0.000000	743	0	746	80748
GCfix_004297	0.17120	0.080405	0.00000	0.000000	743	0	754	81774
GCall_001056	0.17120	0.080375	0.00000	0.000000	743	0	750	81232
GCfix_010341	0.17097	0.079977	0.00000	0.000000	742	0	750	81056
GCfix_008132	0.17074	0.080099	0.00000	0.000000	741	0	748	80996
GCfix_007548	0.17074	0.080272	0.00000	0.000000	741	0	744	80690
GCall_001778	0.17074	0.080842	0.00000	0.000000	741	0	748	81892
GCfix_011891	0.17051	0.079913	0.00000	0.000000	740	0	752	81334
GCfix_008609	0.17051	0.080329	0.00000	0.000000	740	0	750	81732
GCall_005210	0.17051	0.080204	0.00000	0.000000	740	0	754	81934
GCfix_003579	0.17004	0.079524	0.00000	0.000000	738	0	752	81296
GCall_011186	0.17004	0.079935	0.00000	0.000000	738	0	746	80910
GCfix_000543	0.16981	0.079732	0.00000	0.000000	737	0	748	81102
GCall_002180	0.16981	0.079389	0.00000	0.000000	737	0	746	80508
GCall_001193	0.16958	0.079801	0.00000	0.000000	736	0	744	80880
GCall_001472	0.16935	0.079714	0.00000	0.000000	735	0	748	81326
GCfix_008217	0.16889	0.079379	0.00000	0.000000	733	0	742	80666
GCall_006897	0.16843	0.079098	0.00000	0.000000	731	0	742	80590
GCfix_005299	0.16797	0.078482	0.00000	0.000000	729	0	738	79608
GCall_011924	0.16797	0.079055	0.00000	0.000000	729	0	742	80710
GCfix_009938	0.16682	0.078360	0.00000	0.000000	724	0	738	80304
GCall_011702	0.16590	0.077832	0.00000	0.000000	720	0	732	79380
GCfix_007382	0.16544	0.077664	0.00000	0.000000	718	0	730	79246
GCall_005469	0.16521	0.077206	0.00000	0.000000	717	0	724	78112
GCall_010368	0.16451	0.077712	0.00000	0.000000	714	0	734	80588
GCfix_011395	0.16405	0.077333	0.00000	0.000000	712	0	722	78668
GCfix_007049	0.16359	0.076920	0.00000	0.000000	710	0	722	78500
GCfix_002681	0.16359	0.076514	0.00000	0.000000	710	0	720	77884
GCall_000069	0.16359	0.076665	0.00000	0.000000	710	0	726	78844
GCfix_003192	0.16221	0.075840	0.00000	0.000000	704	0	710	76522
GCall_003345	0.16221	0.076336	0.00000	0.000000	704	0	712	77246
GCall_010387	0.16198	0.076053	0.00000	0.000000	703	0	720	78272
GCall_009068	0.16198	0.076246	0.00000	0.000000	703	0	708	76884
GCall_007709	0.16175	0.075900	0.00000	0.000000	702	0	716	77600
GCfix_007621	0.16129	0.075754	0.00000	0.000000	700	0	708	76846
GCfix_007505	0.16037	0.075374	0.00000	0.000000	696	0	704	76444
GCfix_006745	0.16037	0.075732	0.00000	0.000000	696	0	704	76808
GCfix_006748	0.15991	0.074764	0.00000	0.000000	694	0	700	75540
GCall_008165	0.15968	0.075151	0.00000	0.000000	693	0	702	76334
GCfix_000939	0.15922	0.074515	0.00000	0.000000	691	0	698	75426
GCfix_000352	0.15898	0.074437	0.00000	0.000000	690	0	698	75438
GCfix_001049	0.15875	0.073884	0.00000	0.000000	689	0	700	75400
GCfix_003151	0.15852	0.074722	0.00000	0.000000	688	0	700	76314
GCall_004960	0.15852	0.074198	0.00000	0.000000	688	0	698	75292
GCfix_005235	0.15829	0.074126	0.00000	0.000000	687	0	696	75328
GCall_008368	0.15783	0.073441	0.00000	0.000000	685	0	700	75460
GCall_004867	0.15737	0.073847	0.00000	0.000000	683	0	692	74968
GCfix_009494	0.15691	0.073495	0.00000	0.000000	681	0	686	74130
GCall_008965	0.15691	0.073798	0.00000	0.000000	681	0	690	74952
GCall_010770	0.15668	0.073469	0.00000	0.000000	680	0	688	74636
GCfix_007138	0.15622	0.073433	0.00000	0.000000	678	0	692	75338
GCfix_007936	0.15599	0.073328	0.00000	0.000000	677	0	688	74872
GCall_004377	0.15599	0.073243	0.00000	0.000000	677	0	688	74778
GCfix_001606	0.15553	0.072790	0.00000	0.000000	675	0	682	73676
GCall_010777	0.15553	0.073435	0.00000	0.000000	675	0	684	74640
GCall_002924	0.15553	0.073242	0.00000	0.000000	675	0	690	75214
GCfix_004038	0.15530	0.072886	0.00000	0.000000	674	0	682	73896
GCfix_011443	0.15507	0.072995	0.00000	0.000000	673	0	680	73882
GCall_009241	0.15507	0.075053	0.00000	0.000000	673	0	688	77190
GCfix_010086	0.15484	0.072882	0.00000	0.000000	672	0	676	73440
GCfix_007492	0.15461	0.072660	0.00000	0.000000	671	0	676	73300
GCall_007354	0.15461	0.072999	0.00000	0.000000	671	0	682	74580
GCall_003891	0.15461	0.072578	0.00000	0.000000	671	0	682	73954
GCall_007731	0.15392	0.072293	0.00000	0.000000	668	0	676	73368
GCall_010217	0.15369	0.072303	0.00000	0.000000	667	0	678	73804
GCall_010081	0.15369	0.071962	0.00000	0.000000	667	0	678	73446
GCall_000173	0.15345	0.072014	0.00000	0.000000	666	0	672	72802
GCfix_006517	0.15299	0.071478	0.00000	0.000000	664	0	672	72428
GCall_003903	0.15299	0.071837	0.00000	0.000000	664	0	672	72896
GCfix_002543	0.15276	0.072120	0.00000	0.000000	663	0	682	74632
GCall_005924	0.15253	0.071625	0.00000	0.000000	662	0	672	72922
GCall_005804	0.15253	0.071923	0.00000	0.000000	662	0	676	73704
GCfix_005155	0.15207	0.071497	0.00000	0.000000	660	0	678	73868
GCall_006039	0.15207	0.071483	0.00000	0.000000	660	0	670	72674
GCfix_011522	0.15184	0.071018	0.00000	0.000000	659	0	664	71630
GCfix_005031	0.15161	0.071496	0.00000	0.000000	658	0	668	72794
GCfix_007959	0.15092	0.070867	0.00000	0.000000	655	0	664	72052
GCfix_006775	0.15069	0.070924	0.00000	0.000000	654	0	664	72286
GCfix_003584	0.15046	0.071054	0.00000	0.000000	653	0	662	72224
GCall_009088	0.14977	0.070357	0.00000	0.000000	650	0	654	70932
GCfix_009390	0.14885	0.069813	0.00000	0.000000	646	0	656	71190
GCfix_003377	0.14885	0.070164	0.00000	0.000000	646	0	654	71124
GCall_000576	0.14885	0.069860	0.00000	0.000000	646	0	656	71114
GCall_008358	0.14816	0.069404	0.00000	0.000000	643	0	648	70064
GCfix_009581	0.14792	0.069317	0.00000	0.000000	642	0	654	70810
GCall_005273	0.14769	0.069271	0.00000	0.000000	641	0	650	70388
GCall_003473	0.14769	0.069425	0.00000	0.000000	641	0	650	70618
GCall_000021	0.14746	0.069456	0.00000	0.000000	640	0	650	70776
GCfix_009472	0.14723	0.069497	0.00000	0.000000	639	0	656	71734
GCall_010349	0.14723	0.069441	0.00000	0.000000	639	0	654	71426
GCall_007113	0.14700	0.068771	0.00000	0.000000	638	0	648	70030
GCfix_009875	0.14677	0.068537	0.00000	0.000000	637	0	644	69356
GCall_001978	0.14677	0.068563	0.00000	0.000000	637	0	644	69478
GCfix_007733	0.14654	0.068433	0.00000	0.000000	636	0	642	69172
GCfix_006194	0.14654	0.068643	0.00000	0.000000	636	0	644	69598
GCfix_006246	0.14631	0.068748	0.00000	0.000000	635	0	644	69908
GCall_007808	0.14608	0.068419	0.00000	0.000000	634	0	642	69492
GCfix_006020	0.14585	0.068264	0.00000	0.000000	633	0	644	69736
GCall_004953	0.14585	0.067996	0.00000	0.000000	633	0	640	68816
GCfix_003352	0.14562	0.068497	0.00000	0.000000	632	0	638	69266
GCfix_009804	0.14516	0.068259	0.00000	0.000000	630	0	640	69540
GCall_007045	0.14516	0.068168	0.00000	0.000000	630	0	640	69520
GCfix_005481	0.14470	0.067888	0.00000	0.000000	628	0	638	69126
GCfix_004773	0.14332	0.067579	0.00000	0.000000	622	0	634	69282
GCall_006257	0.14286	0.066770	0.00000	0.000000	620	0	630	67938
GCall_005107	0.14286	0.066639	0.00000	0.000000	620	0	626	67468
GCfix_004470	0.14263	0.066823	0.00000	0.000000	619	0	630	68228
GCfix_011225	0.14216	0.066937	0.00000	0.000000	617	0	626	68106
GCfix_009980	0.14193	0.066912	0.00000	0.000000	616	0	622	67812
GCfix_009248	0.14147	0.066544	0.00000	0.000000	614	0	620	67318
GCfix_004762	0.14124	0.066502	0.00000	0.000000	613	0	626	68166
GCfix_003501	0.14078	0.065788	0.00000	0.000000	611	0	615	66290
GCall_007615	0.14078	0.065976	0.00000	0.000000	611	0	618	66960
GCfix_011464	0.14032	0.066487	0.00000	0.000000	609	0	620	68006
GCfix_002912	0.14032	0.065671	0.00000	0.000000	609	0	614	66388
GCall_000011	0.14032	0.065352	0.00000	0.000000	609	0	618	66508
GCfix_001010	0.13986	0.065521	0.00000	0.000000	607	0	620	67112
GCall_011934	0.13986	0.065528	0.00000	0.000000	607	0	614	66406
GCfix_003461	0.13963	0.065417	0.00000	0.000000	606	0	614	66434
GCfix_010598	0.13940	0.065678	0.00000	0.000000	605	0	618	67340
GCall_009627	0.13917	0.065204	0.00000	0.000000	604	0	608	65668
GCall_003813	0.13917	0.065275	0.00000	0.000000	604	0	614	66538
GCfix_007613	0.13894	0.065052	0.00000	0.000000	603	0	614	66474
GCall_008298	0.13871	0.065299	0.00000	0.000000	602	0	616	67074
GCall_011701	0.13848	0.064871	0.00000	0.000000	601	0	606	65478
GCall_006134	0.13848	0.065122	0.00000	0.000000	601	0	612	66668
GCfix_002954	0.13825	0.064636	0.00000	0.000000	600	0	610	65904
GCall_009239	0.13825	0.064795	0.00000	0.000000	600	0	608	65808
GCfix_010586	0.13733	0.064150	0.00000	0.000000	596	0	600	64718
GCfix_001681	0.13710	0.064109	0.00000	0.000000	595	0	598	64522
GCfix_002838	0.13663	0.063697	0.00000	0.000000	593	0	598	64344
GCfix_002595	0.13663	0.064127	0.00000	0.000000	593	0	604	65526
GCall_011201	0.13640	0.064075	0.00000	0.000000	592	0	600	65124
GCall_010215	0.13640	0.064116	0.00000	0.000000	592	0	604	65638
GCall_011744	0.13617	0.063776	0.00000	0.000000	591	0	596	64414
GCall_003805	0.13617	0.063454	0.00000	0.000000	591	0	598	64440
GCfix_008067	0.13594	0.063603	0.00000	0.000000	590	0	598	64600
GCfix_006134	0.13571	0.063717	0.00000	0.000000	589	0	598	64960
GCfix_003995	0.13571	0.063457	0.00000	0.000000	589	0	592	63846
GCall_011282	0.13571	0.063570	0.00000	0.000000	589	0	594	64248
GCall_000610	0.13571	0.063587	0.00000	0.000000	589	0	594	64240
GCall_008190	0.13502	0.063428	0.00000	0.000000	586	0	592	64148
GCall_002038	0.13502	0.063438	0.00000	0.000000	586	0	590	63928
GCfix_011877	0.13456	0.062827	0.00000	0.000000	584	0	588	63364
GCfix_003248	0.13456	0.062775	0.00000	0.000000	584	0	592	63802
GCfix_009396	0.13387	0.060240	0.00000	0.000000	581	0	590	61308
GCall_003518	0.13387	0.063398	0.00000	0.000000	581	0	594	65102
GCall_001865	0.13364	0.062633	0.00000	0.000000	580	0	588	63450
GCfix_002051	0.13341	0.062437	0.00000	0.000000	579	0	592	64072
GCall_003354	0.13341	0.062639	0.00000	0.000000	579	0	584	63258
GCall_011080	0.13295	0.062593	0.00000	0.000000	577	0	586	63788
GCfix_001936	0.13226	0.062121	0.00000	0.000000	574	0	580	62940
GCfix_001776	0.13226	0.061961	0.00000	0.000000	574	0	580	62634
GCall_006695	0.13226	0.062221	0.00000	0.000000	574	0	580	63056
GCfix_008722	0.13157	0.061430	0.00000	0.000000	571	0	576	62180
GCfix_005371	0.13157	0.061901	0.00000	0.000000	571	0	582	63422
GCall_000414	0.13134	0.061664	0.00000	0.000000	570	0	578	62626
GCall_009055	0.13110	0.060994	0.00000	0.000000	569	0	578	62152
GCfix_002668	0.13087	0.061558	0.00000	0.000000	568	0	580	63146
GCall_011899	0.13087	0.061421	0.00000	0.000000	568	0	574	62206
GCfix_001510	0.13018	0.060758	0.00000	0.000000	565	0	572	61678
GCfix_001904	0.12995	0.061024	0.00000	0.000000	564	0	570	61742
GCall_011889	0.12995	0.060903	0.00000	0.000000	564	0	570	61728
GCfix_008668	0.12972	0.061035	0.00000	0.000000	563	0	570	62018
GCall_001371	0.12972	0.060962	0.00000	0.000000	563	0	570	61804
GCall_008310	0.12949	0.060462	0.00000	0.000000	562	0	566	60954
GCall_007835	0.12949	0.059976	0.00000	0.000000	562	0	568	60570
GCall_003292	0.12949	0.060635	0.00000	0.000000	562	0	568	61502
GCall_003265	0.12949	0.060722	0.00000	0.000000	562	0	566	61248
GCall_003968	0.12903	0.060849	0.00000	0.000000	560	0	572	62488
GCfix_010820	0.12857	0.060389	0.00000	0.000000	558	0	562	60872
GCall_003038	0.12857	0.060040	0.00000	0.000000	558	0	566	61106
GCall_010756	0.12765	0.060043	0.00000	0.000000	554	0	564	61266
GCfix_007429	0.12742	0.059754	0.00000	0.000000	553	0	554	59904
GCfix_009767	0.12696	0.059566	0.00000	0.000000	551	0	558	60510
GCfix_003384	0.12696	0.059389	0.00000	0.000000	551	0	554	59814
GCfix_006512	0.12673	0.059777	0.00000	0.000000	550	0	558	60910
GCfix_004351	0.12650	0.059422	0.00000	0.000000	549	0	554	60072
GCfix_009851	0.12604	0.059214	0.00000	0.000000	547	0	558	60650
GCfix_009199	0.12604	0.059196	0.00000	0.000000	547	0	554	60084
GCall_003089	0.12604	0.059099	0.00000	0.000000	547	0	552	59774
GCfix_004364	0.12557	0.058699	0.00000	0.000000	545	0	554	59942
GCfix_006490	0.12534	0.059160	0.00000	0.000000	544	0	554	60426
GCall_009880	0.12488	0.058577	0.00000	0.000000	542	0	548	59372
GCfix_003979	0.12465	0.058592	0.00000	0.000000	541	0	548	59522
GCall_000459	0.12465	0.057798	0.00000	0.000000	541	0	546	58438
GCfix_003565	0.12442	0.058491	0.00000	0.000000	540	0	552	59930
GCfix_000710	0.12442	0.058267	0.00000	0.000000	540	0	544	58802
GCall_009723	0.12442	0.058311	0.00000	0.000000	540	0	544	58852
GCall_006718	0.12396	0.057592	0.00000	0.000000	538	0	546	58572
GCfix_000672	0.12327	0.058087	0.00000	0.000000	535	0	540	58706
GCfix_000614	0.12327	0.057834	0.00000	0.000000	535	0	544	59042
GCfix_009682	0.12281	0.057851	0.00000	0.000000	533	0	544	59330
GCall_002405	0.12281	0.057935	0.00000	0.000000	533	0	538	58652
GCfix_001552	0.12258	0.057466	0.00000	0.000000	532	0	536	57928
GCall_000632	0.12258	0.057360	0.00000	0.000000	532	0	536	57894
GCfix_008712	0.12235	0.057517	0.00000	0.000000	531	0	536	58192
GCfix_004825	0.12212	0.057399	0.00000	0.000000	530	0	536	58208
GCall_000860	0.12189	0.057242	0.00000	0.000000	529	0	538	58484
GCfix_002162	0.12143	0.056787	0.00000	0.000000	527	0	540	58472
GCfix_007692	0.12004	0.056619	0.00000	0.000000	521	0	522	56736
GCall_004876	0.12004	0.056377	0.00000	0.000000	521	0	530	57596
GCall_002013	0.12004	0.056150	0.00000	0.000000	521	0	526	56868
GCall_005126	0.11981	0.056580	0.00000	0.000000	520	0	532	58112
GCfix_009205	0.11958	0.056290	0.00000	0.000000	519	0	526	57234
GCfix_006967	0.11935	0.055789	0.00000	0.000000	518	0	526	56828
GCfix_004928	0.11935	0.055760	0.00000	0.000000	518	0	522	56360
GCfix_009153	0.11912	0.055675	0.00000	0.000000	517	0	520	56012
GCfix_002122	0.11912	0.055963	0.00000	0.000000	517	0	522	56646
GCfix_011247	0.11889	0.055483	0.00000	0.000000	516	0	522	56274
GCall_006861	0.11889	0.055636	0.00000	0.000000	516	0	524	56698
GCfix_005815	0.11866	0.055803	0.00000	0.000000	515	0	522	56722
GCfix_003832	0.11843	0.055082	0.00000	0.000000	514	0	514	55082
GCfix_009792	0.11820	0.055166	0.00000	0.000000	513	0	518	55812
GCall_010649	0.11820	0.055278	0.00000	0.000000	513	0	514	55404
GCall_004494	0.11820	0.055768	0.00000	0.000000	513	0	516	56218
GCfix_010986	0.11659	0.054572	0.00000	0.000000	506	0	508	54840
GCfix_003924	0.11659	0.054210	0.00000	0.000000	506	0	508	54434
GCall_010158	0.11659	0.054198	0.00000	0.000000	506	0	512	54964
GCfix_001675	0.11590	0.054287	0.00000	0.000000	503	0	512	55380
GCall_007684	0.11590	0.054482	0.00000	0.000000	503	0	510	55356
GCall_008633	0.11567	0.053841	0.00000	0.000000	502	0	508	54570
GCall_006477	0.11567	0.054253	0.00000	0.000000	502	0	508	54994
GCall_004773	0.11567	0.054036	0.00000	0.000000	502	0	512	55340
GCfix_001486	0.11521	0.054244	0.00000	0.000000	500	0	508	55296
GCall_010923	0.11521	0.053786	0.00000	0.000000	500	0	508	54798
GCall_001878	0.11498	0.053955	0.00000	0.000000	499	0	502	54348
GCall_010012	0.11475	0.053944	0.00000	0.000000	498	0	502	54544
GCfix_008718	0.11452	0.053798	0.00000	0.000000	497	0	500	54248
GCall_010069	0.11452	0.053699	0.00000	0.000000	497	0	498	53818
GCfix_010331	0.11405	0.053498	0.00000	0.000000	495	0	504	54676
GCall_011471	0.11405	0.053395	0.00000	0.000000	495	0	498	53758
GCall_009976	0.11405	0.053750	0.00000	0.000000	495	0	500	54392
GCall_009439	0.11382	0.053249	0.00000	0.000000	494	0	504	54628
GCall_007497	0.11382	0.053312	0.00000	0.000000	494	0	498	53818
GCfix_003573	0.11359	0.053097	0.00000	0.000000	493	0	500	54022
GCfix_001881	0.11359	0.053530	0.00000	0.000000	493	0	500	54450
GCall_009012	0.11359	0.053062	0.00000	0.000000	493	0	498	53650
GCall_002279	0.11359	0.053210	0.00000	0.000000	493	0	502	54344
GCall_000296	0.11336	0.053164	0.00000	0.000000	492	0	500	54234
GCall_009948	0.11313	0.053180	0.00000	0.000000	491	0	498	54090
GCall_008285	0.11313	0.053114	0.00000	0.000000	491	0	498	54058
GCfix_008180	0.11290	0.052879	0.00000	0.000000	490	0	494	53372
GCfix_011817	0.11267	0.053062	0.00000	0.000000	489	0	500	54422
GCfix_004267	0.11267	0.052846	0.00000	0.000000	489	0	494	53596
GCfix_007482	0.11244	0.052604	0.00000	0.000000	488	0	492	53162
GCall_001433	0.11244	0.052744	0.00000	0.000000	488	0	496	53862
GCfix_006841	0.11221	0.052392	0.00000	0.000000	487	0	490	52808
GCall_011315	0.11198	0.052491	0.00000	0.000000	486	0	490	53018
GCfix_010434	0.11152	0.052343	0.00000	0.000000	484	0	490	53208
GCfix_009292	0.11152	0.052041	0.00000	0.000000	484	0	488	52512
GCfix_005653	0.11152	0.052505	0.00000	0.000000	484	0	486	52780
GCall_005327	0.11152	0.052132	0.00000	0.000000	484	0	486	52432
GCfix_005219	0.11106	0.051993	0.00000	0.000000	482	0	486	52494
GCall_004085	0.11106	0.051854	0.00000	0.000000	482	0	486	52324
GCall_001493	0.11106	0.052120	0.00000	0.000000	482	0	496	53892
GCfix_002669	0.11083	0.052336	0.00000	0.000000	481	0	494	54098
GCall_010694	0.11083	0.051893	0.00000	0.000000	481	0	486	52476
GCfix_007744	0.11060	0.051941	0.00000	0.000000	480	0	488	52988
GCfix_003237	0.11037	0.051813	0.00000	0.000000	479	0	486	52740
GCall_004981	0.11037	0.051901	0.00000	0.000000	479	0	488	53048
GCall_008872	0.11014	0.051660	0.00000	0.000000	478	0	486	52722
GCall_005676	0.10945	0.051362	0.00000	0.000000	475	0	484	52530
GCall_003379	0.10945	0.051625	0.00000	0.000000	475	0	480	52340
GCfix_011057	0.10922	0.051371	0.00000	0.000000	474	0	480	52124
GCfix_005127	0.10922	0.051307	0.00000	0.000000	474	0	480	52032
GCfix_004814	0.10922	0.051673	0.00000	0.000000	474	0	482	52746
GCfix_010025	0.10899	0.051331	0.00000	0.000000	473	0	476	51716
GCfix_002105	0.10899	0.050625	0.00000	0.000000	473	0	480	51502
GCfix_007557	0.10875	0.051413	0.00000	0.000000	472	0	480	52548
GCfix_004354	0.10875	0.050875	0.00000	0.000000	472	0	478	51638
GCall_004776	0.10852	0.050744	0.00000	0.000000	471	0	474	51120
GCfix_011533	0.10806	0.050398	0.00000	0.000000	469	0	478	51706
GCfix_006872	0.10806	0.050906	0.00000	0.000000	469	0	474	51622
GCall_004061	0.10806	0.050959	0.00000	0.000000	469	0	478	52250
GCall_009882	0.10783	0.050507	0.00000	0.000000	468	0	480	52106
GCall_008869	0.10760	0.050223	0.00000	0.000000	467	0	472	50800
GCfix_001746	0.10714	0.050300	0.00000	0.000000	465	0	476	51662
GCfix_009840	0.10691	0.050486	0.00000	0.000000	464	0	468	51030
GCfix_008163	0.10691	0.050121	0.00000	0.000000	464	0	470	50978
GCall_003902	0.10645	0.049913	0.00000	0.000000	462	0	468	50708
GCall_000608	0.10645	0.049857	0.00000	0.000000	462	0	468	50624
GCfix_001825	0.10622	0.049875	0.00000	0.000000	461	0	468	50756
GCall_011180	0.10599	0.049440	0.00000	0.000000	460	0	466	50172
GCall_003696	0.10599	0.049929	0.00000	0.000000	460	0	470	51298
GCfix_010762	0.10553	0.049312	0.00000	0.000000	458	0	466	50258
GCfix_003389	0.10530	0.049347	0.00000	0.000000	457	0	462	49930
GCall_004576	0.10530	0.049629	0.00000	0.000000	457	0	464	50540
GCfix_009774	0.10507	0.049458	0.00000	0.000000	456	0	464	50466
GCfix_003906	0.10507	0.049048	0.00000	0.000000	456	0	464	50150
GCfix_011351	0.10484	0.049146	0.00000	0.000000	455	0	460	49766
GCfix_001298	0.10484	0.049207	0.00000	0.000000	455	0	460	49886
GCall_006279	0.10484	0.049127	0.00000	0.000000	455	0	462	50010
GCfix_003910	0.10461	0.048925	0.00000	0.000000	454	0	460	49694
GCfix_006749	0.10392	0.048581	0.00000	0.000000	451	0	456	49244
GCfix_007034	0.10369	0.048789	0.00000	0.000000	450	0	456	49544
GCall_003916	0.10369	0.049082	0.00000	0.000000	450	0	456	49952
GCall_006565	0.10346	0.048139	0.00000	0.000000	449	0	456	48926
GCfix_006254	0.10322	0.048336	0.00000	0.000000	448	0	452	48852
GCfix_003351	0.10299	0.048266	0.00000	0.000000	447	0	458	49630
GCfix_005996	0.10276	0.048293	0.00000	0.000000	446	0	452	49080
GCall_005303	0.10276	0.048367	0.00000	0.000000	446	0	454	49442
GCall_004468	0.10276	0.048069	0.00000	0.000000	446	0	450	48644
GCfix_008379	0.10253	0.048207	0.00000	0.000000	445	0	454	49390
GCall_011298	0.10230	0.048085	0.00000	0.000000	444	0	452	49028
GCfix_008095	0.10207	0.048057	0.00000	0.000000	443	0	452	49316
GCfix_007512	0.10207	0.047764	0.00000	0.000000	443	0	448	48372
GCall_004726	0.10207	0.047978	0.00000	0.000000	443	0	450	48896
GCall_004213	0.10207	0.047806	0.00000	0.000000	443	0	448	48406
GCall_011151	0.10184	0.047932	0.00000	0.000000	442	0	446	48384
GCall_011148	0.10184	0.047686	0.00000	0.000000	442	0	446	48222
GCall_003795	0.10184	0.047796	0.00000	0.000000	442	0	446	48396
GCall_002470	0.10138	0.047215	0.00000	0.000000	440	0	442	47484
GCfix_005829	0.10092	0.047332	0.00000	0.000000	438	0	446	48330
GCfix_010822	0.10069	0.047240	0.00000	0.000000	437	0	440	47658
GCfix_009534	0.10046	0.047458	0.00000	0.000000	436	0	438	47758
GCall_008522	0.10023	0.047126	0.00000	0.000000	435	0	440	47844
GCall_006000	0.10023	0.046676	0.00000	0.000000	435	0	442	47550
GCfix_001195	0.10000	0.046780	0.00000	0.000000	434	0	442	47814
GCall_004037	0.10000	0.046777	0.00000	0.000000	434	0	436	46996
GCall_000634	0.10000	0.046396	0.00000	0.000000	434	0	438	46938
GCfix_009017	0.09954	0.047017	0.00000	0.000000	432	0	436	47514
GCall_010899	0.09931	0.046348	0.00000	0.000000	431	0	436	46964
GCall_004208	0.09931	0.046823	0.00000	0.000000	431	0	442	48294
GCall_008719	0.09908	0.046401	0.00000	0.000000	430	0	436	47160
GCall_003551	0.09908	0.046200	0.00000	0.000000	430	0	436	46972
GCall_001525	0.09885	0.046578	0.00000	0.000000	429	0	438	47800
GCfix_007942	0.09862	0.046449	0.00000	0.000000	428	0	436	47592
GCfix_010314	0.09839	0.046129	0.00000	0.000000	427	0	434	47020
GCall_006762	0.09839	0.046397	0.00000	0.000000	427	0	436	47624
GCall_004995	0.09839	0.045921	0.00000	0.000000	427	0	430	46308
GCall_009905	0.09816	0.045901	0.00000	0.000000	426	0	430	46476
GCfix_011050	0.09769	0.045800	0.00000	0.000000	424	0	428	46358
GCfix_007239	0.09769	0.045883	0.00000	0.000000	424	0	430	46646
GCfix_007755	0.09723	0.045370	0.00000	0.000000	422	0	424	45670
GCfix_009277	0.09677	0.045046	0.00000	0.000000	420	0	426	45726
GCall_008840	0.09677	0.044975	0.00000	0.000000	420	0	426	45808
GCall_008650	0.09585	0.044940	0.00000	0.000000	416	0	418	45198
GCfix_003433	0.09562	0.044812	0.00000	0.000000	415	0	420	45460
GCall_005538	0.09562	0.045124	0.00000	0.000000	415	0	420	45834
GCall_007462	0.09516	0.044590	0.00000	0.000000	413	0	420	45500
GCfix_003779	0.09470	0.044289	0.00000	0.000000	411	0	416	44876
GCall_009600	0.09470	0.044557	0.00000	0.000000	411	0	420	45724
GCall_004014	0.09470	0.043961	0.00000	0.000000	411	0	416	44572
GCfix_009764	0.09447	0.044246	0.00000	0.000000	410	0	414	44780
GCall_003424	0.09447	0.044110	0.00000	0.000000	410	0	416	44862
GCall_002094	0.09447	0.044520	0.00000	0.000000	410	0	416	45322
GCall_008607	0.09424	0.044280	0.00000	0.000000	409	0	412	44730
GCall_011248	0.09355	0.043775	0.00000	0.000000	406	0	412	44486
GCfix_002479	0.09309	0.043450	0.00000	0.000000	404	0	407	43796
GCfix_010500	0.09263	0.042690	0.00000	0.000000	402	0	408	43408
GCall_010527	0.09240	0.043314	0.00000	0.000000	401	0	406	44034
GCall_005173	0.09217	0.042580	0.00000	0.000000	400	0	404	43066
GCfix_003459	0.09193	0.042908	0.00000	0.000000	399	0	406	43858
GCall_002196	0.09193	0.043063	0.00000	0.000000	399	0	408	44174
GCall_009244	0.09147	0.042782	0.00000	0.000000	397	0	402	43466
GCall_004965	0.09147	0.042888	0.00000	0.000000	397	0	400	43304
GCfix_010075	0.09124	0.042915	0.00000	0.000000	396	0	402	43656
GCfix_000633	0.09124	0.042952	0.00000	0.000000	396	0	402	43708
GCfix_000122	0.09124	0.042992	0.00000	0.000000	396	0	400	43492
GCfix_008380	0.09101	0.042708	0.00000	0.000000	395	0	404	43908
GCfix_007726	0.09078	0.042485	0.00000	0.000000	394	0	398	43010
GCall_004125	0.09078	0.042667	0.00000	0.000000	394	0	398	43148
GCall_001046	0.09078	0.042519	0.00000	0.000000	394	0	400	43342
GCall_005771	0.09055	0.042423	0.00000	0.000000	393	0	404	43802
GCall_009388	0.09009	0.042330	0.00000	0.000000	391	0	396	43048
GCfix_007615	0.08986	0.041865	0.00000	0.000000	390	0	394	42430
GCfix_002612	0.08986	0.042275	0.00000	0.000000	390	0	394	42778
GCfix_000328	0.08986	0.039170	0.00000	0.000000	390	0	396	39896
GCfix_007286	0.08963	0.041586	0.00000	0.000000	389	0	392	41948
GCfix_007435	0.08940	0.041942	0.00000	0.000000	388	0	396	42864
GCfix_006854	0.08940	0.041843	0.00000	0.000000	388	0	394	42636
GCfix_004079	0.08825	0.041380	0.00000	0.000000	383	0	388	41982
GCall_007067	0.08825	0.041454	0.00000	0.000000	383	0	386	41904
GCall_006349	0.08756	0.040929	0.00000	0.000000	380	0	384	41440
GCfix_007930	0.08733	0.040950	0.00000	0.000000	379	0	384	41658
GCfix_002715	0.08733	0.040822	0.00000	0.000000	379	0	382	41176
GCall_001903	0.08733	0.040852	0.00000	0.000000	379	0	384	41470
GCall_001445	0.08664	0.040889	0.00000	0.000000	376	0	386	42206
GCall_001390	0.08640	0.040686	0.00000	0.000000	375	0	380	41436
GCall_008351	0.08571	0.039615	0.00000	0.000000	372	0	380	40638
GCall_008397	0.08548	0.039851	0.00000	0.000000	371	0	374	40218
GCall_000466	0.08548	0.040025	0.00000	0.000000	371	0	378	40870
GCfix_007545	0.08525	0.040202	0.00000	0.000000	370	0	380	41424
GCfix_006035	0.08502	0.040069	0.00000	0.000000	369	0	380	41624
GCfix_003530	0.08456	0.039834	0.00000	0.000000	367	0	372	40478
GCfix_002881	0.08433	0.039670	0.00000	0.000000	366	0	372	40502
GCall_004840	0.08387	0.039198	0.00000	0.000000	364	0	366	39498
GCfix_008946	0.08364	0.038879	0.00000	0.000000	363	0	366	39294
GCall_003487	0.08364	0.039259	0.00000	0.000000	363	0	372	40506
GCall_007142	0.08341	0.039210	0.00000	0.000000	362	0	372	40470
GCall_001164	0.08341	0.038864	0.00000	0.000000	362	0	368	39604
GCall_005051	0.08318	0.038807	0.00000	0.000000	361	0	364	39164
GCall_009888	0.08295	0.039097	0.00000	0.000000	360	0	372	40718
GCall_003773	0.08295	0.038959	0.00000	0.000000	360	0	366	39770
GCfix_008205	0.08272	0.038398	0.00000	0.000000	359	0	366	39206
GCfix_001630	0.08249	0.038683	0.00000	0.000000	358	0	364	39452
GCall_011851	0.08249	0.038849	0.00000	0.000000	358	0	362	39390
GCfix_006033	0.08226	0.038810	0.00000	0.000000	357	0	364	39730
GCall_009612	0.08226	0.038668	0.00000	0.000000	357	0	364	39576
GCfix_009466	0.08180	0.038268	0.00000	0.000000	355	0	362	39238
GCall_009169	0.08180	0.038180	0.00000	0.000000	355	0	358	38588
GCall_007076	0.08180	0.038471	0.00000	0.000000	355	0	358	38848
GCfix_001594	0.08157	0.038365	0.00000	0.000000	354	0	360	39160
GCall_009688	0.08157	0.038220	0.00000	0.000000	354	0	356	38452
GCall_009033	0.08157	0.038621	0.00000	0.000000	354	0	368	40532
GCall_006949	0.08157	0.038668	0.00000	0.000000	354	0	360	39458
GCall_007245	0.08087	0.037780	0.00000	0.000000	351	0	352	37930
GCfix_009000	0.08064	0.037946	0.00000	0.000000	350	0	354	38446
GCfix_001301	0.08064	0.037617	0.00000	0.000000	350	0	358	38540
GCall_003213	0.08041	0.037806	0.00000	0.000000	349	0	356	38716
GCfix_001424	0.08018	0.037488	0.00000	0.000000	348	0	354	38220
GCfix_000485	0.08018	0.037114	0.00000	0.000000	348	0	352	37614
GCall_002499	0.08018	0.037563	0.00000	0.000000	348	0	354	38300
GCall_000303	0.07995	0.037331	0.00000	0.000000	347	0	348	37446
GCfix_001921	0.07972	0.037190	0.00000	0.000000	346	0	348	37450
GCfix_009230	0.07949	0.036991	0.00000	0.000000	345	0	348	37368
GCall_003628	0.07926	0.037141	0.00000	0.000000	344	0	348	37646
GCall_008239	0.07857	0.036642	0.00000	0.000000	341	0	342	36792
GCfix_008258	0.07811	0.036632	0.00000	0.000000	339	0	342	37016
GCfix_001349	0.07811	0.036569	0.00000	0.000000	339	0	346	37520
GCall_007967	0.07811	0.036456	0.00000	0.000000	339	0	340	36572
GCfix_011770	0.07788	0.035959	0.00000	0.000000	338	0	342	36436
GCall_008705	0.07719	0.036297	0.00000	0.000000	335	0	340	36932
GCfix_001380	0.07696	0.036211	0.00000	0.000000	334	0	338	36746
GCall_002135	0.07696	0.036066	0.00000	0.000000	334	0	340	36886
GCfix_011289	0.07673	0.035878	0.00000	0.000000	333	0	340	36754
GCfix_004724	0.07581	0.035701	0.00000	0.000000	329	0	338	36846
GCfix_001579	0.07581	0.038421	0.00000	0.000000	329	0	378	45728
GCall_006055	0.07581	0.035383	0.00000	0.000000	329	0	334	35996
GCfix_010919	0.07558	0.035428	0.00000	0.000000	328	0	332	35996
GCfix_009530	0.07558	0.035346	0.00000	0.000000	328	0	332	35728
GCall_005171	0.07442	0.035191	0.00000	0.000000	323	0	332	36514
GCall_000900	0.07442	0.034706	0.00000	0.000000	323	0	328	35420
GCall_010616	0.07419	0.034904	0.00000	0.000000	322	0	328	35698
GCfix_008799	0.07396	0.034676	0.00000	0.000000	321	0	324	35062
GCfix_002975	0.07396	0.034554	0.00000	0.000000	321	0	322	34704
GCfix_000494	0.07373	0.034470	0.00000	0.000000	320	0	324	35006
GCall_002343	0.07189	0.033430	0.00000	0.000000	312	0	314	33690
GCall_007257	0.07166	0.033714	0.00000	0.000000	311	0	316	34422
GCall_001613	0.07166	0.033971	0.00000	0.000000	311	0	318	34990
GCfix_000310	0.07120	0.033345	0.00000	0.000000	309	0	314	34032
GCall_010100	0.07097	0.033225	0.00000	0.000000	308	0	312	33760
GCfix_009836	0.07028	0.032880	0.00000	0.000000	305	0	306	33030
GCall_011936	0.07005	0.032832	0.00000	0.000000	304	0	304	32832
GCall_011139	0.06982	0.033014	0.00000	0.000000	303	0	310	33958
GCall_006580	0.06820	0.032019	0.00000	0.000000	296	0	300	32528
GCall_007752	0.06751	0.031178	0.00000	0.000000	293	0	302	32326
GCall_002015	0.06751	0.031761	0.00000	0.000000	293	0	298	32364
GCall_003527	0.06682	0.031306	0.00000	0.000000	290	0	294	31840
GCfix_009109	0.06590	0.030765	0.00000	0.000000	286	0	296	32064
GCall_000024	0.06405	0.030365	0.00000	0.000000	278	0	284	31230
GCall_001646	0.06359	0.029585	0.00000	0.000000	276	0	278	29774
GCfix_002692	0.06267	0.029212	0.00000	0.000000	272	0	274	29512
GCfix_006001	0.06175	0.028924	0.00000	0.000000	268	0	274	29758
GCall_005302	0.06129	0.028803	0.00000	0.000000	266	0	270	29378
GCall_010980	0.05968	0.028018	0.00000	0.000000	259	0	262	28432
GCfix_001855	0.05899	0.027846	0.00000	0.000000	256	0	262	28686
GCall_009881	0.05806	0.027193	0.00000	0.000000	252	0	254	27418
GCall_010153	0.05760	0.026961	0.00000	0.000000	250	0	252	27188
GCall_000675	0.05714	0.026920	0.00000	0.000000	248	0	254	27744
GCfix_006164	0.05530	0.025780	0.00000	0.000000	240	0	242	26038
GCall_007775	0.05161	0.023930	0.00000	0.000000	224	0	226	24230
GCfix_007895	0.04931	0.022920	0.00000	0.000000	214	0	218	23372
GCfix_009551	0.04885	0.022923	0.00000	0.000000	212	0	214	23182
GCfix_006950	0.04793	0.022563	0.00000	0.000000	208	0	210	22800
GCall_000918	0.04793	0.022586	0.00000	0.000000	208	0	214	23364
GCfix_010239	0.04723	0.022150	0.00000	0.000000	205	0	206	22300
GCfix_008415	0.04608	0.021818	0.00000	0.000000	200	0	206	22596
GCfix_001888	0.04608	0.021495	0.00000	0.000000	200	0	204	21940
GCall_001761	0.04447	0.020901	0.00000	0.000000	193	0	196	21286
GCfix_000986	0.03963	0.018608	0.00000	0.000000	172	0	174	18866
GCall_008616	0.03917	0.018227	0.00000	0.000000	170	0	174	18752
GCfix_006488	0.03779	0.018074	0.00000	0.000000	164	0	166	18374
GCall_010726	0.03502	0.016441	0.00000	0.000000	152	0	156	16974
GCall_005506	0.03410	0.015996	0.00000	0.000000	148	0	150	16254
GCall_011555	0.03318	0.015392	0.00000	0.000000	144	0	144	15392
GCfix_004684	0.03226	0.015300	0.00000	0.000000	140	0	146	16054
GCall_004607	0.03203	0.015057	0.00000	0.000000	139	0	140	15164
GCfix_000765	0.02949	0.013718	0.00000	0.000000	128	0	130	14018
GCfix_008283	0.02926	0.013936	0.00000	0.000000	127	0	130	14386
GCfix_006125	0.02880	0.013587	0.00000	0.000000	125	0	128	14004
GCall_001437	0.02765	0.012889	0.00000	0.000000	120	0	122	13164
GCall_011761	0.02558	0.012102	0.00000	0.000000	111	0	112	12252
GCfix_008688	0.02488	0.006188	0.00000	0.000000	108	0	108	6188
GCall_005495	0.02442	0.011502	0.00000	0.000000	106	0	106	11502
GCfix_007293	0.02350	0.011024	0.00000	0.000000	102	0	104	11256
GCfix_003174	0.02350	0.010700	0.00000	0.000000	102	0	102	10700
GCall_002611	0.02258	0.010506	0.00000	0.000000	98	0	98	10506
GCall_008713	0.02166	0.010167	0.00000	0.000000	94	0	98	10672
GCall_005365	0.02143	0.010062	0.00000	0.000000	93	0	94	10170
GCfix_000069	0.02120	0.010144	0.00000	0.000000	92	0	94	10444
GCall_005098	0.02120	0.009680	0.00000	0.000000	92	0	92	9680
GCall_001837	0.02051	0.009684	0.00000	0.000000	89	0	92	10066
GCfix_005295	0.01935	0.008962	0.00000	0.000000	84	0	86	9150
GCall_000907	0.01889	0.008944	0.00000	0.000000	82	0	84	9244
GCfix_007100	0.01820	0.008648	0.00000	0.000000	79	0	80	8798
GCall_007634	0.01797	0.008414	0.00000	0.000000	78	0	78	8414
GCall_002514	0.01797	0.008590	0.00000	0.000000	78	0	78	8590
GCall_002381	0.01751	0.008370	0.00000	0.000000	76	0	78	8670
GCall_011209	0.01636	0.007642	0.00000	0.000000	71	0	72	7768
GCall_003168	0.01613	0.007238	0.00000	0.000000	70	0	70	7238
GCall_011691	0.01590	0.007388	0.00000	0.000000	69	0	70	7508
GCall_009466	0.01567	0.007400	0.00000	0.000000	68	0	68	7400
GCfix_009808	0.01544	0.007172	0.00000	0.000000	67	0	68	7282
GCfix_011381	0.01521	0.006882	0.00000	0.000000	66	0	66	6882
GCfix_008175	0.01452	0.006804	0.00000	0.000000	63	0	64	6924
GCfix_006932	0.01452	0.006747	0.00000	0.000000	63	0	64	6864
GCfix_009409	0.01336	0.006272	0.00000	0.000000	58	0	60	6542
GCall_007852	0.01290	0.006042	0.00000	0.000000	56	0	56	6042
GCall_003266	0.01290	0.005906	0.00000	0.000000	56	0	56	5906
GCfix_005470	0.01267	0.006060	0.00000	0.000000	55	0	58	6510
GCfix_007861	0.01244	0.005620	0.00000	0.000000	54	0	54	5620
GCfix_006716	0.01244	0.005710	0.00000	0.000000	54	0	56	5940
GCfix_011680	0.01198	0.005598	0.00000	0.000000	52	0	52	5598
GCfix_008239	0.01129	0.005328	0.00000	0.000000	49	0	50	5478
GCfix_000982	0.01129	0.005256	0.00000	0.000000	49	0	50	5364
GCall_004934	0.01106	0.005210	0.00000	0.000000	48	0	48	5210
GCfix_005618	0.01060	0.004978	0.00000	0.000000	46	0	46	4978
GCall_003109	0.01060	0.004818	0.00000	0.000000	46	0	46	4818
GCfix_007858	0.01037	0.004863	0.00000	0.000000	45	0	46	4972
GCall_006696	0.01014	0.004580	0.00000	0.000000	44	0	46	4848
GCall_004556	0.01014	0.004656	0.00000	0.000000	44	0	44	4656
GCall_002020	0.01014	0.004826	0.00000	0.000000	44	0	44	4826
GCall_009907	0.00968	0.004456	0.00000	0.000000	42	0	42	4456
GCall_006409	0.00968	0.004176	0.00000	0.000000	42	0	42	4176
GCall_000166	0.00968	0.004532	0.00000	0.000000	42	0	42	4532
GCall_008864	0.00945	0.004458	0.00000	0.000000	41	0	42	4608
GCall_006946	0.00945	0.004430	0.00000	0.000000	41	0	42	4546
GCall_005623	0.00945	0.004402	0.00000	0.000000	41	0	42	4552
GCfix_010122	0.00922	0.004314	0.00000	0.000000	40	0	40	4314
GCfix_009368	0.00922	0.004166	0.00000	0.000000	40	0	40	4166
GCfix_008161	0.00922	0.004300	0.00000	0.000000	40	0	40	4300
GCfix_008792	0.00899	0.004108	0.00000	0.000000	39	0	42	4450
GCall_004855	0.00876	0.004098	0.00000	0.000000	38	0	38	4098
GCall_002169	0.00876	0.004118	0.00000	0.000000	38	0	38	4118
GCall_000946	0.00876	0.004013	0.00000	0.000000	38	0	40	4142
GCall_000752	0.00853	0.003997	0.00000	0.000000	37	0	40	4332
GCfix_008544	0.00829	0.003762	0.00000	0.000000	36	0	36	3762
GCall_009697	0.00829	0.003720	0.00000	0.000000	36	0	36	3720
GCall_002336	0.00829	0.003886	0.00000	0.000000	36	0	36	3886
GCall_000894	0.00829	0.003866	0.00000	0.000000	36	0	36	3866
GCfix_009200	0.00806	0.003605	0.00000	0.000000	35	0	36	3712
GCfix_007432	0.00783	0.003662	0.00000	0.000000	34	0	34	3662
GCfix_002314	0.00737	0.003450	0.00000	0.000000	32	0	32	3450
GCfix_000662	0.00737	0.003350	0.00000	0.000000	32	0	32	3350
GCall_010052	0.00737	0.003238	0.00000	0.000000	32	0	32	3238
GCfix_008612	0.00714	0.003346	0.00000	0.000000	31	0	32	3462
GCfix_005658	0.00691	0.003228	0.00000	0.000000	30	0	30	3228
GCfix_003447	0.00691	0.003236	0.00000	0.000000	30	0	30	3236
GCall_007218	0.00691	0.003240	0.00000	0.000000	30	0	30	3240
GCall_006561	0.00691	0.003194	0.00000	0.000000	30	0	30	3194
GCfix_008210	0.00668	0.002986	0.00000	0.000000	29	0	30	3102
GCall_008580	0.00668	0.003072	0.00000	0.000000	29	0	30	3182
GCall_008253	0.00668	0.003134	0.00000	0.000000	29	0	30	3244
GCfix_009246	0.00645	0.003020	0.00000	0.000000	28	0	28	3020
GCfix_001331	0.00645	0.003022	0.00000	0.000000	28	0	28	3022
GCall_010523	0.00645	0.003010	0.00000	0.000000	28	0	28	3010
GCall_008141	0.00645	0.003022	0.00000	0.000000	28	0	28	3022
GCall_004341	0.00645	0.003020	0.00000	0.000000	28	0	28	3020
GCall_006623	0.00622	0.002928	0.00000	0.000000	27	0	28	3048
GCall_005716	0.00622	0.002950	0.00000	0.000000	27	0	28	3100
GCall_005091	0.00622	0.002766	0.00000	0.000000	27	0	28	2822
GCfix_007818	0.00599	0.002660	0.00000	0.000000	26	0	26	2660
GCfix_006691	0.00599	0.002780	0.00000	0.000000	26	0	26	2780
GCfix_002651	0.00599	0.002806	0.00000	0.000000	26	0	26	2806
GCall_003537	0.00599	0.002798	0.00000	0.000000	26	0	26	2798
GCall_003530	0.00599	0.002886	0.00000	0.000000	26	0	26	2886
GCall_001408	0.00599	0.002708	0.00000	0.000000	26	0	26	2708
GCall_000703	0.00599	0.002804	0.00000	0.000000	26	0	26	2804
GCfix_010907	0.00553	0.002582	0.00000	0.000000	24	0	24	2582
GCfix_008301	0.00553	0.001546	0.00000	0.000000	24	0	24	1546
GCfix_006284	0.00553	0.002592	0.00000	0.000000	24	0	24	2592
GCfix_002416	0.00553	0.002521	0.00000	0.000000	24	0	26	2788
GCall_010909	0.00553	0.002532	0.00000	0.000000	24	0	24	2532
GCall_008851	0.00553	0.002584	0.00000	0.000000	24	0	24	2584
GCall_007900	0.00553	0.002590	0.00000	0.000000	24	0	24	2590
GCall_006666	0.00530	0.002317	0.00000	0.000000	23	0	24	2402
GCfix_008952	0.00507	0.002376	0.00000	0.000000	22	0	22	2376
GCfix_003478	0.00507	0.002360	0.00000	0.000000	22	0	22	2360
GCfix_001523	0.00507	0.002310	0.00000	0.000000	22	0	22	2310
GCfix_001025	0.00507	0.002366	0.00000	0.000000	22	0	22	2366
GCall_008392	0.00507	0.002340	0.00000	0.000000	22	0	22	2340
GCall_003881	0.00507	0.002362	0.00000	0.000000	22	0	22	2362
GCall_003077	0.00507	0.002372	0.00000	0.000000	22	0	22	2372
GCall_002734	0.00507	0.002424	0.00000	0.000000	22	0	24	2692
GCfix_010995	0.00484	0.002278	0.00000	0.000000	21	0	22	2396
GCfix_005217	0.00484	0.002218	0.00000	0.000000	21	0	22	2308
GCall_007674	0.00484	0.002180	0.00000	0.000000	21	0	22	2298
GCall_006778	0.00484	0.002246	0.00000	0.000000	21	0	22	2366
GCall_005948	0.00484	0.002310	0.00000	0.000000	21	0	22	2460
GCfix_009278	0.00461	0.002026	0.00000	0.000000	20	0	20	2026
GCfix_003977	0.00461	0.002152	0.00000	0.000000	20	0	20	2152
GCfix_000253	0.00461	0.002126	0.00000	0.000000	20	0	20	2126
GCall_005534	0.00461	0.001982	0.00000	0.000000	20	0	20	1982
GCall_003959	0.00461	0.002150	0.00000	0.000000	20	0	20	2150
GCall_000834	0.00461	0.002152	0.00000	0.000000	20	0	20	2152
GCall_000558	0.00461	0.002162	0.00000	0.000000	20	0	20	2162
GCfix_010039	0.00438	0.001904	0.00000	0.000000	19	0	20	2008
GCfix_007366	0.00438	0.002028	0.00000	0.000000	19	0	20	2120
GCfix_002984	0.00438	0.002077	0.00000	0.000000	19	0	22	2456
GCfix_011629	0.00415	0.001788	0.00000	0.000000	18	0	18	1788
GCfix_007821	0.00415	0.001942	0.00000	0.000000	18	0	18	1942
GCfix_005482	0.00415	0.001934	0.00000	0.000000	18	0	18	1934
GCall_009332	0.00415	0.001878	0.00000	0.000000	18	0	18	1878
GCall_009163	0.00415	0.001902	0.00000	0.000000	18	0	18	1902
GCall_008498	0.00415	0.001892	0.00000	0.000000	18	0	18	1892
GCall_006793	0.00415	0.001858	0.00000	0.000000	18	0	18	1858
GCall_003974	0.00415	0.001934	0.00000	0.000000	18	0	18	1934
GCall_002957	0.00415	0.001938	0.00000	0.000000	18	0	18	1938
GCfix_007384	0.00392	0.001960	0.00000	0.000000	17	0	18	2110
GCfix_007180	0.00392	0.001874	0.00000	0.000000	17	0	18	2024
GCfix_002865	0.00392	0.001712	0.00000	0.000000	17	0	18	1822
GCfix_010325	0.00369	0.001378	0.00000	0.000000	16	0	16	1378
GCfix_010076	0.00369	0.001724	0.00000	0.000000	16	0	16	1724
GCfix_009379	0.00369	0.001572	0.00000	0.000000	16	0	16	1572
GCfix_008425	0.00369	0.001642	0.00000	0.000000	16	0	16	1642
GCfix_005488	0.00369	0.001754	0.00000	0.000000	16	0	18	1998
GCfix_004325	0.00369	0.001722	0.00000	0.000000	16	0	16	1722
GCfix_002463	0.00369	0.001584	0.00000	0.000000	16	0	16	1584
GCall_010490	0.00369	0.001724	0.00000	0.000000	16	0	16	1724
GCall_009362	0.00369	0.001728	0.00000	0.000000	16	0	16	1728
GCall_005896	0.00369	0.001576	0.00000	0.000000	16	0	16	1576
GCall_005335	0.00369	0.001658	0.00000	0.000000	16	0	16	1658
GCall_004087	0.00369	0.001382	0.00000	0.000000	16	0	16	1382
GCall_001972	0.00369	0.001720	0.00000	0.000000	16	0	16	1720
GCall_000727	0.00369	0.001728	0.00000	0.000000	16	0	16	1728
GCall_000070	0.00369	0.001252	0.00000	0.000000	16	0	16	1252
GCfix_010027	0.00346	0.001654	0.00000	0.000000	15	0	16	1804
GCfix_008339	0.00346	0.001613	0.00000	0.000000	15	0	16	1730
GCall_007645	0.00346	0.001628	0.00000	0.000000	15	0	16	1744
GCall_002046	0.00346	0.001624	0.00000	0.000000	15	0	16	1738
GCfix_010190	0.00323	0.001512	0.00000	0.000000	14	0	14	1512
GCfix_002262	0.00323	0.001512	0.00000	0.000000	14	0	14	1512
GCfix_001466	0.00323	0.001510	0.00000	0.000000	14	0	14	1510
GCall_010229	0.00323	0.001512	0.00000	0.000000	14	0	14	1512
GCall_010222	0.00323	0.001510	0.00000	0.000000	14	0	14	1510
GCall_009637	0.00323	0.001508	0.00000	0.000000	14	0	14	1508
GCall_009395	0.00323	0.001458	0.00000	0.000000	14	0	14	1458
GCall_008335	0.00323	0.001506	0.00000	0.000000	14	0	14	1506
GCall_002565	0.00323	0.001504	0.00000	0.000000	14	0	14	1504
GCfix_010952	0.00300	0.001330	0.00000	0.000000	13	0	14	1368
GCfix_000338	0.00300	0.001054	0.00000	0.000000	13	0	14	1134
GCall_005618	0.00300	0.001440	0.00000	0.000000	13	0	14	1590
GCall_001267	0.00300	0.001385	0.00000	0.000000	13	0	14	1484
GCfix_011795	0.00276	0.001254	0.00000	0.000000	12	0	12	1254
GCfix_010226	0.00276	0.001210	0.00000	0.000000	12	0	12	1210
GCfix_007077	0.00276	0.001188	0.00000	0.000000	12	0	12	1188
GCfix_006640	0.00276	0.001282	0.00000	0.000000	12	0	12	1282
GCfix_004977	0.00276	0.001296	0.00000	0.000000	12	0	12	1296
GCfix_002516	0.00276	0.001160	0.00000	0.000000	12	0	12	1160
GCfix_000386	0.00276	0.001292	0.00000	0.000000	12	0	12	1292
GCall_011257	0.00276	0.001380	0.00000	0.000000	12	0	12	1380
GCall_008497	0.00276	0.001294	0.00000	0.000000	12	0	12	1294
GCall_006679	0.00276	0.001296	0.00000	0.000000	12	0	12	1296
GCall_006291	0.00276	0.001090	0.00000	0.000000	12	0	12	1090
GCall_003056	0.00276	0.001296	0.00000	0.000000	12	0	12	1296
GCall_002225	0.00276	0.001124	0.00000	0.000000	12	0	12	1124
GCall_000870	0.00276	0.001296	0.00000	0.000000	12	0	12	1296
GCall_001158	0.00253	0.001197	0.00000	0.000000	11	0	12	1316
GCfix_011128	0.00230	0.001050	0.00000	0.000000	10	0	10	1050
GCfix_010724	0.00230	0.000916	0.00000	0.000000	10	0	10	916
GCfix_010019	0.00230	0.001076	0.00000	0.000000	10	0	10	1076
GCfix_009515	0.00230	0.000934	0.00000	0.000000	10	0	10	934
GCfix_009039	0.00230	0.000640	0.00000	0.000000	10	0	10	640
GCfix_008781	0.00230	0.000770	0.00000	0.000000	10	0	10	770
GCfix_005294	0.00230	0.001064	0.00000	0.000000	10	0	10	1064
GCfix_003707	0.00230	0.000976	0.00000	0.000000	10	0	10	976
GCfix_001590	0.00230	0.001026	0.00000	0.000000	10	0	10	1026
GCfix_000501	0.00230	0.001074	0.00000	0.000000	10	0	10	1074
GCall_011987	0.00230	0.001076	0.00000	0.000000	10	0	10	1076
GCall_009316	0.00230	0.001076	0.00000	0.000000	10	0	10	1076
GCall_008146	0.00230	0.001080	0.00000	0.000000	10	0	10	1080
GCall_005901	0.00230	0.000704	0.00000	0.000000	10	0	10	704
GCall_005373	0.00230	0.000992	0.00000	0.000000	10	0	10	992
GCall_005095	0.00230	0.000850	0.00000	0.000000	10	0	10	850
GCall_003420	0.00230	0.000940	0.00000	0.000000	10	0	10	940
GCall_002851	0.00230	0.000978	0.00000	0.000000	10	0	10	978
GCall_002159	0.00230	0.001014	0.00000	0.000000	10	0	10	1014
GCfix_003988	0.00207	0.000981	0.00000	0.000000	9	0	10	1098
GCfix_002364	0.00207	0.000972	0.00000	0.000000	9	0	10	1082
GCfix_011811	0.00184	0.000862	0.00000	0.000000	8	0	8	862
GCfix_011090	0.00184	0.000820	0.00000	0.000000	8	0	8	820
GCfix_010300	0.00184	0.000868	0.00000	0.000000	8	0	8	868
GCfix_007241	0.00184	0.000864	0.00000	0.000000	8	0	8	864
GCfix_004846	0.00184	0.000728	0.00000	0.000000	8	0	8	728
GCfix_002761	0.00184	0.000764	0.00000	0.000000	8	0	8	764
GCfix_002574	0.00184	0.000862	0.00000	0.000000	8	0	8	862
GCfix_001327	0.00184	0.000860	0.00000	0.000000	8	0	8	860
GCfix_000468	0.00184	0.000864	0.00000	0.000000	8	0	8	864
GCall_011111	0.00184	0.000860	0.00000	0.000000	8	0	8	860
GCall_010929	0.00184	0.000862	0.00000	0.000000	8	0	8	862
GCall_010305	0.00184	0.000864	0.00000	0.000000	8	0	8	864
GCall_009953	0.00184	0.000874	0.00000	0.000000	8	0	10	1110
GCall_008824	0.00184	0.000846	0.00000	0.000000	8	0	8	846
GCall_006569	0.00184	0.000770	0.00000	0.000000	8	0	8	770
GCall_005457	0.00184	0.000858	0.00000	0.000000	8	0	8	858
GCall_004890	0.00184	0.000860	0.00000	0.000000	8	0	8	860
GCall_002631	0.00184	0.000828	0.00000	0.000000	8	0	8	828
GCall_002469	0.00184	0.000748	0.00000	0.000000	8	0	8	748
GCall_002345	0.00184	0.000864	0.00000	0.000000	8	0	8	864
GCall_001874	0.00184	0.000746	0.00000	0.000000	8	0	8	746
GCall_001015	0.00184	0.000776	0.00000	0.000000	8	0	8	776
GCall_000293	0.00184	0.000864	0.00000	0.000000	8	0	8	864
GCall_000123	0.00184	0.000862	0.00000	0.000000	8	0	8	862
GCfix_005514	0.00161	0.000641	0.00000	0.000000	7	0	8	664
GCfix_003441	0.00161	0.000721	0.00000	0.000000	7	0	8	794
GCfix_010726	0.00138	0.000646	0.00000	0.000000	6	0	6	646
GCfix_009922	0.00138	0.000646	0.00000	0.000000	6	0	6	646
GCfix_009742	0.00138	0.000512	0.00000	0.000000	6	0	6	512
GCfix_007281	0.00138	0.000578	0.00000	0.000000	6	0	6	578
GCfix_006032	0.00138	0.000648	0.00000	0.000000	6	0	6	648
GCfix_005845	0.00138	0.000644	0.00000	0.000000	6	0	6	644
GCfix_003752	0.00138	0.000644	0.00000	0.000000	6	0	6	644
GCfix_002254	0.00138	0.000648	0.00000	0.000000	6	0	6	648
GCfix_001845	0.00138	0.000642	0.00000	0.000000	6	0	6	642
GCfix_001713	0.00138	0.000498	0.00000	0.000000	6	0	6	498
GCfix_001377	0.00138	0.000648	0.00000	0.000000	6	0	6	648
GCfix_000183	0.00138	0.000530	0.00000	0.000000	6	0	6	530
GCall_011896	0.00138	0.000648	0.00000	0.000000	6	0	6	648
GCall_011870	0.00138	0.000526	0.00000	0.000000	6	0	6	526
GCall_009972	0.00138	0.000646	0.00000	0.000000	6	0	6	646
GCall_009970	0.00138	0.000648	0.00000	0.000000	6	0	6	648
GCall_005641	0.00138	0.000648	0.00000	0.000000	6	0	6	648
GCall_004501	0.00138	0.000622	0.00000	0.000000	6	0	6	622
GCall_004301	0.00138	0.000624	0.00000	0.000000	6	0	6	624
GCall_000432	0.00138	0.000590	0.00000	0.000000	6	0	6	590
GCall_000431	0.00138	0.000648	0.00000	0.000000	6	0	6	648
GCall_009992	0.00115	0.000540	0.00000	0.000000	5	0	6	648
GCfix_009699	0.00092	0.000432	0.00000	0.000000	4	0	4	432
GCfix_008854	0.00092	0.000310	0.00000	0.000000	4	0	4	310
GCfix_008713	0.00092	0.000432	0.00000	0.000000	4	0	4	432
GCfix_008116	0.00092	0.000432	0.00000	0.000000	4	0	4	432
GCfix_008068	0.00092	0.000328	0.00000	0.000000	4	0	4	328
GCfix_007922	0.00092	0.000432	0.00000	0.000000	4	0	4	432
GCfix_006416	0.00092	0.000426	0.00000	0.000000	4	0	4	426
GCfix_006223	0.00092	0.000432	0.00000	0.000000	4	0	4	432
GCfix_006126	0.00092	0.000430	0.00000	0.000000	4	0	4	430
GCfix_002482	0.00092	0.000330	0.00000	0.000000	4	0	4	330
GCfix_002438	0.00092	0.000430	0.00000	0.000000	4	0	4	430
GCfix_002268	0.00092	0.000430	0.00000	0.000000	4	0	4	430
GCfix_001733	0.00092	0.000432	0.00000	0.000000	4	0	4	432
GCfix_001516	0.00092	0.000426	0.00000	0.000000	4	0	4	426
GCall_011014	0.00092	0.000432	0.00000	0.000000	4	0	4	432
GCall_010467	0.00092	0.000432	0.00000	0.000000	4	0	4	432
GCall_009296	0.00092	0.000432	0.00000	0.000000	4	0	4	432
GCall_006796	0.00092	0.000430	0.00000	0.000000	4	0	4	430
GCall_006119	0.00092	0.000430	0.00000	0.000000	4	0	4	430
GCall_004880	0.00092	0.000432	0.00000	0.000000	4	0	4	432
GCall_003582	0.00092	0.000432	0.00000	0.000000	4	0	4	432
GCall_002145	0.00092	0.000344	0.00000	0.000000	4	0	4	344
GCall_001380	0.00092	0.000308	0.00000	0.000000	4	0	4	308
GCall_001350	0.00092	0.000430	0.00000	0.000000	4	0	4	430
GCall_000765	0.00092	0.000362	0.00000	0.000000	4	0	4	362
GCall_001387	0.00069	0.000269	0.00000	0.000000	3	0	4	322
GCfix_010181	0.00046	0.000216	0.00000	0.000000	2	0	2	216
GCfix_010005	0.00046	0.000212	0.00000	0.000000	2	0	2	212
GCfix_009101	0.00046	0.000216	0.00000	0.000000	2	0	2	216
GCfix_008322	0.00046	0.000216	0.00000	0.000000	2	0	2	216
GCfix_008279	0.00046	0.000216	0.00000	0.000000	2	0	2	216
GCfix_007078	0.00046	0.000216	0.00000	0.000000	2	0	2	216
GCfix_006994	0.00046	0.000210	0.00000	0.000000	2	0	2	210
GCfix_006675	0.00046	0.000216	0.00000	0.000000	2	0	2	216
GCfix_006390	0.00046	0.000216	0.00000	0.000000	2	0	2	216
GCfix_006234	0.00046	0.000216	0.00000	0.000000	2	0	2	216
GCfix_005042	0.00046	0.000142	0.00000	0.000000	2	0	2	142
GCfix_004141	0.00046	0.000216	0.00000	0.000000	2	0	2	216
GCfix_003591	0.00046	0.000216	0.00000	0.000000	2	0	2	216
GCfix_003449	0.00046	0.000216	0.00000	0.000000	2	0	2	216
GCfix_002913	0.00046	0.000214	0.00000	0.000000	2	0	2	214
GCfix_001592	0.00046	0.000172	0.00000	0.000000	2	0	2	172
GCfix_001405	0.00046	0.000214	0.00000	0.000000	2	0	2	214
GCfix_001044	0.00046	0.000094	0.00000	0.000000	2	0	2	94
GCfix_000026	0.00046	0.000114	0.00000	0.000000	2	0	2	114
GCall_010432	0.00046	0.000216	0.00000	0.000000	2	0	2	216
GCall_007891	0.00046	0.000210	0.00000	0.000000	2	0	2	210
GCall_005794	0.00046	0.000216	0.00000	0.000000	2	0	2	216
GCall_005548	0.00046	0.000158	0.00000	0.000000	2	0	2	158
GCall_002500	0.00046	0.000178	0.00000	0.000000	2	0	2	178
GCall_002337	0.00046	0.000214	0.00000	0.000000	2	0	2	214
GCall_000198	0.00046	0.000076	0.00000	0.000000	2	0	2	76
