#name	%unambiguousReads	unambiguousMB	%ambiguousReads	ambiguousMB	unambiguousReads	ambiguousReads	assignedReads	assignedBases
GCfix_000952	1.03016	0.382000	0.00000	0.000000	4857	0	4902	385820
GCall_008070	0.31072	0.159086	0.00000	0.000000	1465	0	1484	161796
GCall_004788	0.29121	0.148770	0.00000	0.000000	1373	0	1390	151140
GCall_001634	0.28803	0.147139	0.00000	0.000000	1358	0	1378	149938
GCall_010027	0.27976	0.142612	0.00000	0.000000	1319	0	1334	144412
GCall_010123	0.25961	0.132458	0.00000	0.000000	1224	0	1230	133294
GCall_006378	0.25897	0.132072	0.00000	0.000000	1221	0	1232	133540
GCfix_007750	0.25600	0.130731	0.00000	0.000000	1207	0	1218	132210
GCfix_008874	0.25537	0.130464	0.00000	0.000000	1204	0	1218	132278
GCfix_010422	0.25303	0.129514	0.00000	0.000000	1193	0	1206	131212
GCfix_000358	0.25197	0.127606	0.00000	0.000000	1188	0	1194	128506
GCall_008247	0.25155	0.128488	0.00000	0.000000	1186	0	1196	129834
GCfix_003152	0.25112	0.127766	0.00000	0.000000	1184	0	1188	128184
GCall_001851	0.25028	0.127580	0.00000	0.000000	1180	0	1192	129226
GCfix_002038	0.24985	0.127082	0.00000	0.000000	1178	0	1190	128676
GCfix_010983	0.24837	0.126699	0.00000	0.000000	1171	0	1180	127944
GCall_005749	0.24455	0.124715	0.00000	0.000000	1153	0	1168	126788
GCfix_000590	0.24370	0.123965	0.00000	0.000000	1149	0	1158	125012
GCfix_011827	0.24222	0.123743	0.00000	0.000000	1142	0	1158	125800
GCall_009919	0.24116	0.123154	0.00000	0.000000	1137	0	1146	124364
GCall_002161	0.24116	0.122987	0.00000	0.000000	1137	0	1150	124752
GCfix_011715	0.23946	0.122143	0.00000	0.000000	1129	0	1140	123638
GCall_006870	0.23861	0.121469	0.00000	0.000000	1125	0	1132	122408
GCall_009124	0.23776	0.120996	0.00000	0.000000	1121	0	1130	122092
GCall_002983	0.23713	0.121212	0.00000	0.000000	1118	0	1126	122370
GCfix_005405	0.23585	0.120226	0.00000	0.000000	1112	0	1126	122104
GCfix_009103	0.23458	0.119768	0.00000	0.000000	1106	0	1118	121470
GCfix_011094	0.23416	0.119209	0.00000	0.000000	1104	0	1116	120778
GCfix_004076	0.23246	0.118643	0.00000	0.000000	1096	0	1102	119428
GCfix_002804	0.23140	0.117897	0.00000	0.000000	1091	0	1102	119410
GCfix_002883	0.23097	0.117834	0.00000	0.000000	1089	0	1104	119876
GCall_004481	0.23097	0.117763	0.00000	0.000000	1089	0	1100	119338
GCall_010142	0.22949	0.117320	0.00000	0.000000	1082	0	1090	118448
GCfix_001509	0.22843	0.116494	0.00000	0.000000	1077	0	1084	117364
GCall_000439	0.22758	0.116198	0.00000	0.000000	1073	0	1082	117408
GCfix_000668	0.22652	0.115508	0.00000	0.000000	1068	0	1076	116676
GCfix_004391	0.22588	0.115432	0.00000	0.000000	1065	0	1072	116368
GCfix_010893	0.22567	0.114869	0.00000	0.000000	1064	0	1072	115916
GCfix_005310	0.22376	0.114300	0.00000	0.000000	1055	0	1064	115618
GCfix_000188	0.22376	0.114344	0.00000	0.000000	1055	0	1074	116846
GCfix_001586	0.22355	0.113549	0.00000	0.000000	1054	0	1060	114376
GCfix_000077	0.22355	0.114245	0.00000	0.000000	1054	0	1062	115406
GCall_006217	0.22355	0.113851	0.00000	0.000000	1054	0	1064	115318
GCall_007880	0.22292	0.114769	0.00000	0.000000	1051	0	1082	119118
GCall_003884	0.22143	0.112904	0.00000	0.000000	1044	0	1056	114532
GCfix_009734	0.22122	0.112850	0.00000	0.000000	1043	0	1054	114386
GCall_005056	0.22058	0.112657	0.00000	0.000000	1040	0	1054	114542
GCall_011608	0.21995	0.112559	0.00000	0.000000	1037	0	1050	114364
GCall_010506	0.21973	0.111526	0.00000	0.000000	1036	0	1044	112616
GCall_006502	0.21973	0.112366	0.00000	0.000000	1036	0	1048	114166
GCfix_005473	0.21952	0.112269	0.00000	0.000000	1035	0	1046	113730
GCall_008380	0.21910	0.111761	0.00000	0.000000	1033	0	1044	113344
GCall_004122	0.21676	0.110875	0.00000	0.000000	1022	0	1036	112790
GCfix_006160	0.21592	0.110407	0.00000	0.000000	1018	0	1030	111996
GCfix_004183	0.21592	0.110206	0.00000	0.000000	1018	0	1028	111538
GCall_008868	0.21507	0.109464	0.00000	0.000000	1014	0	1020	110214
GCfix_010475	0.21464	0.109264	0.00000	0.000000	1012	0	1024	110838
GCfix_001423	0.21464	0.109552	0.00000	0.000000	1012	0	1022	110948
GCfix_005569	0.21422	0.109111	0.00000	0.000000	1010	0	1020	110426
GCall_004601	0.21337	0.108314	0.00000	0.000000	1006	0	1014	109404
GCall_010815	0.21231	0.108241	0.00000	0.000000	1001	0	1016	110250
GCall_010748	0.21189	0.108456	0.00000	0.000000	999	0	1012	110196
GCall_005062	0.21040	0.107340	0.00000	0.000000	992	0	1006	109036
GCfix_006706	0.21019	0.106553	0.00000	0.000000	991	0	998	107456
GCfix_011331	0.20998	0.107809	0.00000	0.000000	990	0	996	108602
GCfix_008531	0.20976	0.106743	0.00000	0.000000	989	0	1000	108202
GCfix_007349	0.20934	0.106551	0.00000	0.000000	987	0	998	108028
GCall_001080	0.20828	0.105890	0.00000	0.000000	982	0	990	107006
GCfix_005933	0.20807	0.106272	0.00000	0.000000	981	0	990	107460
GCfix_008218	0.20637	0.104815	0.00000	0.000000	973	0	984	106152
GCall_004019	0.20595	0.105433	0.00000	0.000000	971	0	982	106984
GCall_005872	0.20446	0.104282	0.00000	0.000000	964	0	976	105874
GCfix_006220	0.20404	0.104103	0.00000	0.000000	962	0	972	105396
GCall_004442	0.20404	0.104034	0.00000	0.000000	962	0	974	105660
GCall_000369	0.20404	0.104104	0.00000	0.000000	962	0	970	105228
GCall_006957	0.20383	0.104047	0.00000	0.000000	961	0	974	105714
GCall_005210	0.20319	0.103536	0.00000	0.000000	958	0	964	104360
GCfix_001628	0.20255	0.103544	0.00000	0.000000	955	0	968	105354
GCfix_010341	0.20234	0.102934	0.00000	0.000000	954	0	958	103500
GCfix_005060	0.20213	0.102994	0.00000	0.000000	953	0	964	104280
GCall_011713	0.20192	0.102911	0.00000	0.000000	952	0	964	104594
GCall_002628	0.20171	0.102535	0.00000	0.000000	951	0	960	103704
GCall_010977	0.20149	0.102872	0.00000	0.000000	950	0	956	103732
GCfix_005678	0.20107	0.101967	0.00000	0.000000	948	0	950	102234
GCall_010169	0.20107	0.102676	0.00000	0.000000	948	0	962	104642
GCall_000208	0.20107	0.102925	0.00000	0.000000	948	0	956	104082
GCall_008236	0.20022	0.102140	0.00000	0.000000	944	0	950	102870
GCfix_005857	0.20001	0.101115	0.00000	0.000000	943	0	950	102018
GCall_005748	0.20001	0.101842	0.00000	0.000000	943	0	952	103134
GCfix_004611	0.19958	0.101878	0.00000	0.000000	941	0	948	102814
GCfix_006184	0.19895	0.101134	0.00000	0.000000	938	0	944	101928
GCfix_001910	0.19895	0.101702	0.00000	0.000000	938	0	948	103170
GCfix_007304	0.19874	0.101245	0.00000	0.000000	937	0	942	101932
GCall_009628	0.19810	0.100518	0.00000	0.000000	934	0	938	101044
GCall_000331	0.19789	0.100977	0.00000	0.000000	933	0	944	102548
GCall_006853	0.19746	0.100840	0.00000	0.000000	931	0	942	102336
GCall_004897	0.19746	0.100736	0.00000	0.000000	931	0	940	101872
GCfix_011728	0.19704	0.100410	0.00000	0.000000	929	0	936	101398
GCfix_007507	0.19683	0.100066	0.00000	0.000000	928	0	942	101914
GCall_007723	0.19619	0.102970	0.00000	0.000000	925	0	950	106674
GCall_006262	0.19598	0.099778	0.00000	0.000000	924	0	930	100646
GCall_003574	0.19492	0.099414	0.00000	0.000000	919	0	930	100854
GCall_007232	0.19449	0.099411	0.00000	0.000000	917	0	926	100580
GCfix_011878	0.19428	0.099272	0.00000	0.000000	916	0	928	100934
GCfix_005555	0.19407	0.098584	0.00000	0.000000	915	0	928	100288
GCfix_005198	0.19259	0.098765	0.00000	0.000000	908	0	918	100164
GCfix_004146	0.19259	0.098163	0.00000	0.000000	908	0	916	99180
GCall_010314	0.19259	0.098029	0.00000	0.000000	908	0	916	99080
GCfix_005299	0.19216	0.098136	0.00000	0.000000	906	0	914	99262
GCall_000366	0.19195	0.097747	0.00000	0.000000	905	0	910	98340
GCfix_011936	0.19174	0.098181	0.00000	0.000000	904	0	912	99188
GCall_006830	0.19174	0.097391	0.00000	0.000000	904	0	910	98152
GCfix_008919	0.19152	0.097645	0.00000	0.000000	903	0	916	99318
GCall_006242	0.19131	0.097866	0.00000	0.000000	902	0	908	98692
GCall_005933	0.19110	0.097369	0.00000	0.000000	901	0	906	98084
GCfix_008578	0.19089	0.097066	0.00000	0.000000	900	0	902	97366
GCall_008503	0.19089	0.096843	0.00000	0.000000	900	0	906	97560
GCall_003919	0.19089	0.097281	0.00000	0.000000	900	0	910	98518
GCfix_002088	0.19068	0.096969	0.00000	0.000000	899	0	908	98104
GCfix_006285	0.18962	0.096502	0.00000	0.000000	894	0	902	97538
GCfix_002813	0.18940	0.096412	0.00000	0.000000	893	0	906	98118
GCall_010902	0.18940	0.096616	0.00000	0.000000	893	0	906	98362
GCall_003083	0.18919	0.096276	0.00000	0.000000	892	0	904	97728
GCall_008912	0.18877	0.095932	0.00000	0.000000	890	0	896	96736
GCall_006488	0.18877	0.096479	0.00000	0.000000	890	0	902	98182
GCall_004436	0.18856	0.096220	0.00000	0.000000	889	0	898	97462
GCall_001919	0.18834	0.096516	0.00000	0.000000	888	0	896	97534
GCfix_000661	0.18813	0.095780	0.00000	0.000000	887	0	892	96428
GCall_003922	0.18792	0.095760	0.00000	0.000000	886	0	898	97338
GCall_003002	0.18771	0.095422	0.00000	0.000000	885	0	888	95830
GCfix_002677	0.18749	0.095116	0.00000	0.000000	884	0	888	95610
GCall_001778	0.18749	0.098302	0.00000	0.000000	884	0	900	100702
GCall_008336	0.18686	0.094732	0.00000	0.000000	881	0	889	95791
GCall_005204	0.18516	0.094281	0.00000	0.000000	873	0	876	94654
GCfix_001892	0.18495	0.094187	0.00000	0.000000	872	0	874	94428
GCall_010387	0.18453	0.093981	0.00000	0.000000	870	0	880	95340
GCall_007925	0.18431	0.093924	0.00000	0.000000	869	0	872	94178
GCfix_007049	0.18410	0.093713	0.00000	0.000000	868	0	874	94478
GCfix_004719	0.18325	0.093608	0.00000	0.000000	864	0	866	93868
GCfix_004976	0.18304	0.093251	0.00000	0.000000	863	0	872	94534
GCall_009878	0.18304	0.092583	0.00000	0.000000	863	0	868	93224
GCall_000069	0.18240	0.092208	0.00000	0.000000	860	0	862	92476
GCfix_002652	0.18219	0.092656	0.00000	0.000000	859	0	868	93876
GCall_010192	0.18219	0.092570	0.00000	0.000000	859	0	864	93254
GCall_009745	0.18219	0.092812	0.00000	0.000000	859	0	870	94246
GCall_007207	0.18219	0.092747	0.00000	0.000000	859	0	868	93904
GCfix_009343	0.18198	0.092367	0.00000	0.000000	858	0	860	92600
GCall_001203	0.18198	0.093374	0.00000	0.000000	858	0	870	94990
GCfix_009899	0.18156	0.092472	0.00000	0.000000	856	0	864	93578
GCall_004867	0.18156	0.092500	0.00000	0.000000	856	0	864	93528
GCall_010368	0.18134	0.092521	0.00000	0.000000	855	0	864	93692
GCall_007731	0.18007	0.091884	0.00000	0.000000	849	0	852	92300
GCfix_010714	0.17986	0.091888	0.00000	0.000000	848	0	856	92942
GCall_011687	0.17986	0.092081	0.00000	0.000000	848	0	862	93968
GCall_006461	0.17943	0.091454	0.00000	0.000000	846	0	850	92012
GCall_001472	0.17922	0.091378	0.00000	0.000000	845	0	850	92054
GCfix_011891	0.17901	0.090968	0.00000	0.000000	844	0	848	91538
GCfix_006179	0.17816	0.090715	0.00000	0.000000	840	0	844	91242
GCall_003620	0.17816	0.091251	0.00000	0.000000	840	0	846	92084
GCall_001193	0.17731	0.090301	0.00000	0.000000	836	0	844	91420
GCfix_008370	0.17689	0.089972	0.00000	0.000000	834	0	842	90996
GCfix_001049	0.17689	0.090005	0.00000	0.000000	834	0	842	91072
GCfix_007042	0.17668	0.089413	0.00000	0.000000	833	0	844	90814
GCfix_006258	0.17668	0.089650	0.00000	0.000000	833	0	842	90894
GCall_010329	0.17668	0.090380	0.00000	0.000000	833	0	846	92194
GCall_003050	0.17668	0.089318	0.00000	0.000000	833	0	842	90502
GCfix_011395	0.17604	0.089849	0.00000	0.000000	830	0	842	91446
GCall_007688	0.17604	0.089581	0.00000	0.000000	830	0	834	90072
GCfix_006745	0.17583	0.090164	0.00000	0.000000	829	0	837	91322
GCfix_000939	0.17583	0.089430	0.00000	0.000000	829	0	834	90148
GCall_005460	0.17583	0.089384	0.00000	0.000000	829	0	838	90554
GCall_010677	0.17562	0.089519	0.00000	0.000000	828	0	836	90578
GCall_002180	0.17562	0.089402	0.00000	0.000000	828	0	842	91166
GCfix_000458	0.17519	0.089720	0.00000	0.000000	826	0	834	90776
GCfix_008217	0.17498	0.088750	0.00000	0.000000	825	0	830	89084
GCfix_002058	0.17456	0.088659	0.00000	0.000000	823	0	830	89496
GCfix_009936	0.17434	0.088992	0.00000	0.000000	822	0	832	90428
GCfix_010596	0.17413	0.088778	0.00000	0.000000	821	0	828	89628
GCfix_009494	0.17413	0.088460	0.00000	0.000000	821	0	830	89738
GCfix_007747	0.17413	0.088214	0.00000	0.000000	821	0	826	88800
GCfix_000287	0.17392	0.088419	0.00000	0.000000	820	0	838	90968
GCall_011861	0.17371	0.087953	0.00000	0.000000	819	0	828	89136
GCall_010833	0.17328	0.088483	0.00000	0.000000	817	0	826	89766
GCfix_007757	0.17307	0.088319	0.00000	0.000000	816	0	824	89428
GCfix_002655	0.17286	0.088305	0.00000	0.000000	815	0	820	88916
GCfix_007957	0.17265	0.088261	0.00000	0.000000	814	0	816	88522
GCfix_005179	0.17265	0.087921	0.00000	0.000000	814	0	820	88712
GCall_008644	0.17222	0.087560	0.00000	0.000000	812	0	818	88328
GCall_002328	0.17201	0.087765	0.00000	0.000000	811	0	820	88938
GCfix_007548	0.17180	0.087474	0.00000	0.000000	810	0	820	88844
GCfix_006246	0.17180	0.087644	0.00000	0.000000	810	0	818	88736
GCfix_004562	0.17180	0.087886	0.00000	0.000000	810	0	822	89420
GCall_004064	0.17180	0.087242	0.00000	0.000000	810	0	820	88568
GCfix_000022	0.17159	0.087872	0.00000	0.000000	809	0	822	89564
GCall_007709	0.17138	0.087220	0.00000	0.000000	808	0	818	88462
GCall_002482	0.17116	0.087182	0.00000	0.000000	807	0	818	88630
GCfix_003579	0.17095	0.087085	0.00000	0.000000	806	0	816	88450
GCfix_005481	0.17074	0.086970	0.00000	0.000000	805	0	810	87686
GCfix_005155	0.17074	0.087364	0.00000	0.000000	805	0	812	88310
GCfix_003151	0.17074	0.086550	0.00000	0.000000	805	0	810	87202
GCall_002517	0.17074	0.087047	0.00000	0.000000	805	0	814	88258
GCall_003473	0.16968	0.086586	0.00000	0.000000	800	0	806	87384
GCall_001167	0.16947	0.086695	0.00000	0.000000	799	0	808	87766
GCfix_011884	0.16925	0.086150	0.00000	0.000000	798	0	806	87206
GCfix_009378	0.16904	0.085952	0.00000	0.000000	797	0	802	86632
GCall_009760	0.16862	0.086030	0.00000	0.000000	795	0	798	86438
GCfix_008538	0.16841	0.085828	0.00000	0.000000	794	0	800	86658
GCfix_004470	0.16819	0.085493	0.00000	0.000000	793	0	800	86430
GCall_004377	0.16819	0.085388	0.00000	0.000000	793	0	796	85796
GCall_000282	0.16798	0.085288	0.00000	0.000000	792	0	798	86090
GCall_011186	0.16735	0.085249	0.00000	0.000000	789	0	794	85966
GCall_005469	0.16735	0.085001	0.00000	0.000000	789	0	802	86720
GCfix_006046	0.16692	0.084689	0.00000	0.000000	787	0	800	86376
GCfix_001606	0.16692	0.084974	0.00000	0.000000	787	0	792	85682
GCall_007574	0.16650	0.085301	0.00000	0.000000	785	0	794	86542
GCall_009985	0.16628	0.085009	0.00000	0.000000	784	0	794	86328
GCfix_005163	0.16586	0.084518	0.00000	0.000000	782	0	790	85454
GCfix_007936	0.16565	0.084374	0.00000	0.000000	781	0	788	85358
GCfix_002543	0.16565	0.084752	0.00000	0.000000	781	0	788	85690
GCfix_007382	0.16544	0.084788	0.00000	0.000000	780	0	788	85946
GCall_003345	0.16544	0.084920	0.00000	0.000000	780	0	792	86550
GCfix_008609	0.16522	0.084268	0.00000	0.000000	779	0	788	85510
GCfix_003192	0.16522	0.084393	0.00000	0.000000	779	0	784	85068
GCfix_007047	0.16501	0.083907	0.00000	0.000000	778	0	780	84174
GCall_011282	0.16480	0.083838	0.00000	0.000000	777	0	780	84170
GCall_008165	0.16480	0.083702	0.00000	0.000000	777	0	788	85156
GCall_004953	0.16480	0.083766	0.00000	0.000000	777	0	780	84216
GCall_008368	0.16459	0.083958	0.00000	0.000000	776	0	782	84822
GCall_003891	0.16459	0.083704	0.00000	0.000000	776	0	782	84348
GCall_009241	0.16438	0.085781	0.00000	0.000000	775	0	790	87960
GCall_001371	0.16438	0.084051	0.00000	0.000000	775	0	782	84992
GCfix_007138	0.16395	0.083606	0.00000	0.000000	773	0	776	83982
GCall_003903	0.16395	0.083376	0.00000	0.000000	773	0	780	84322
GCfix_006392	0.16332	0.083289	0.00000	0.000000	770	0	776	84048
GCfix_005235	0.16310	0.082910	0.00000	0.000000	769	0	776	83898
GCfix_005505	0.16226	0.082170	0.00000	0.000000	765	0	772	83010
GCfix_008132	0.16204	0.082806	0.00000	0.000000	764	0	776	84286
GCall_005924	0.16183	0.082379	0.00000	0.000000	763	0	772	83598
GCall_006897	0.16141	0.082058	0.00000	0.000000	761	0	766	82774
GCall_007615	0.16077	0.081439	0.00000	0.000000	758	0	766	82534
GCfix_000543	0.16013	0.081675	0.00000	0.000000	755	0	762	82444
GCfix_007621	0.15907	0.080878	0.00000	0.000000	750	0	758	81926
GCall_003996	0.15886	0.081042	0.00000	0.000000	749	0	756	82050
GCfix_004361	0.15865	0.080606	0.00000	0.000000	748	0	752	81176
GCall_009068	0.15865	0.080910	0.00000	0.000000	748	0	754	81778
GCfix_000833	0.15844	0.080252	0.00000	0.000000	747	0	754	81120
GCall_011924	0.15844	0.080477	0.00000	0.000000	747	0	752	81060
GCall_006039	0.15844	0.080819	0.00000	0.000000	747	0	754	81804
GCfix_006793	0.15801	0.080376	0.00000	0.000000	745	0	754	81470
GCfix_000352	0.15801	0.080746	0.00000	0.000000	745	0	752	81714
GCfix_008067	0.15759	0.080326	0.00000	0.000000	743	0	746	80740
GCfix_011918	0.15716	0.080146	0.00000	0.000000	741	0	750	81388
GCall_001056	0.15716	0.079778	0.00000	0.000000	741	0	748	80572
GCfix_011464	0.15695	0.080789	0.00000	0.000000	740	0	748	81922
GCall_007316	0.15568	0.079445	0.00000	0.000000	734	0	740	80192
GCall_005273	0.15568	0.079490	0.00000	0.000000	734	0	744	80816
GCall_009233	0.15526	0.079624	0.00000	0.000000	732	0	744	81424
GCfix_006020	0.15504	0.079070	0.00000	0.000000	731	0	736	79718
GCall_007045	0.15441	0.078538	0.00000	0.000000	728	0	734	79324
GCfix_009804	0.15420	0.078810	0.00000	0.000000	727	0	732	79412
GCall_002924	0.15420	0.078736	0.00000	0.000000	727	0	734	79656
GCfix_011443	0.15398	0.078622	0.00000	0.000000	726	0	734	79708
GCfix_003352	0.15398	0.078767	0.00000	0.000000	726	0	736	80126
GCall_010349	0.15398	0.078404	0.00000	0.000000	726	0	732	79198
GCfix_004762	0.15356	0.078400	0.00000	0.000000	724	0	732	79460
GCall_008190	0.15313	0.077730	0.00000	0.000000	722	0	726	78288
GCfix_009938	0.15292	0.078004	0.00000	0.000000	721	0	726	78692
GCall_007354	0.15292	0.078168	0.00000	0.000000	721	0	730	79476
GCfix_006512	0.15271	0.077849	0.00000	0.000000	720	0	728	78912
GCall_010777	0.15271	0.078314	0.00000	0.000000	720	0	730	79612
GCall_004960	0.15250	0.077205	0.00000	0.000000	719	0	724	77922
GCfix_009875	0.15080	0.076681	0.00000	0.000000	711	0	718	77598
GCall_000576	0.15059	0.076341	0.00000	0.000000	710	0	718	77420
GCfix_004297	0.15038	0.076620	0.00000	0.000000	709	0	714	77268
GCfix_009581	0.14974	0.076330	0.00000	0.000000	706	0	714	77382
GCfix_007733	0.14974	0.076600	0.00000	0.000000	706	0	712	77378
GCfix_002681	0.14974	0.076331	0.00000	0.000000	706	0	710	76898
GCall_008965	0.14974	0.076732	0.00000	0.000000	706	0	716	78060
GCfix_007429	0.14953	0.076287	0.00000	0.000000	705	0	706	76354
GCall_005107	0.14953	0.075818	0.00000	0.000000	705	0	710	76528
GCall_000173	0.14953	0.076241	0.00000	0.000000	705	0	714	77444
GCfix_009472	0.14910	0.075662	0.00000	0.000000	703	0	706	76112
GCfix_001936	0.14910	0.075574	0.00000	0.000000	703	0	714	77054
GCfix_007959	0.14889	0.075936	0.00000	0.000000	702	0	708	76720
GCall_011744	0.14889	0.075337	0.00000	0.000000	702	0	708	76134
GCall_009239	0.14868	0.075574	0.00000	0.000000	701	0	712	77120
GCfix_009248	0.14847	0.075495	0.00000	0.000000	700	0	704	76062
GCfix_004038	0.14847	0.075044	0.00000	0.000000	700	0	702	75302
GCfix_011877	0.14826	0.075030	0.00000	0.000000	699	0	700	75180
GCfix_010586	0.14804	0.075235	0.00000	0.000000	698	0	702	75800
GCfix_003461	0.14804	0.075335	0.00000	0.000000	698	0	706	76438
GCfix_001681	0.14783	0.075696	0.00000	0.000000	697	0	700	76082
GCfix_006775	0.14741	0.074779	0.00000	0.000000	695	0	700	75416
GCall_010217	0.14720	0.075392	0.00000	0.000000	694	0	704	76784
GCfix_004773	0.14614	0.074126	0.00000	0.000000	689	0	696	75176
GCfix_010598	0.14592	0.074343	0.00000	0.000000	688	0	692	74828
GCfix_006748	0.14571	0.073942	0.00000	0.000000	687	0	692	74662
GCfix_004364	0.14508	0.073542	0.00000	0.000000	684	0	690	74402
GCall_011201	0.14508	0.074046	0.00000	0.000000	684	0	690	74802
GCall_009880	0.14465	0.073809	0.00000	0.000000	682	0	688	74638
GCfix_007613	0.14444	0.073043	0.00000	0.000000	681	0	686	73684
GCfix_005371	0.14423	0.073210	0.00000	0.000000	680	0	690	74444
GCall_001865	0.14401	0.073363	0.00000	0.000000	679	0	686	74230
GCall_000296	0.14380	0.073034	0.00000	0.000000	678	0	682	73568
GCall_007113	0.14359	0.072799	0.00000	0.000000	677	0	692	74772
GCall_003805	0.14338	0.073255	0.00000	0.000000	676	0	686	74600
GCall_011452	0.14295	0.073332	0.00000	0.000000	674	0	686	75052
GCall_010770	0.14295	0.072562	0.00000	0.000000	674	0	682	73544
GCfix_006134	0.14274	0.072910	0.00000	0.000000	673	0	674	73060
GCfix_000614	0.14253	0.072393	0.00000	0.000000	672	0	682	73580
GCfix_003995	0.14232	0.073118	0.00000	0.000000	671	0	678	74020
GCfix_003377	0.14232	0.072218	0.00000	0.000000	671	0	674	72588
GCfix_010086	0.14189	0.072213	0.00000	0.000000	669	0	674	72856
GCfix_007505	0.14168	0.072128	0.00000	0.000000	668	0	674	72944
GCall_003813	0.14168	0.072626	0.00000	0.000000	668	0	672	73190
GCfix_004928	0.14147	0.071793	0.00000	0.000000	667	0	676	72856
GCall_009088	0.14126	0.071870	0.00000	0.000000	666	0	670	72388
GCfix_006517	0.14105	0.071846	0.00000	0.000000	665	0	670	72478
GCall_003968	0.14105	0.071841	0.00000	0.000000	665	0	672	72814
GCall_010081	0.14083	0.071527	0.00000	0.000000	664	0	668	72050
GCfix_011522	0.14062	0.071757	0.00000	0.000000	663	0	668	72356
GCfix_003584	0.14062	0.071968	0.00000	0.000000	663	0	672	73212
GCfix_011050	0.14041	0.071657	0.00000	0.000000	662	0	666	72224
GCfix_009390	0.14041	0.071460	0.00000	0.000000	662	0	668	72290
GCfix_001510	0.13998	0.071307	0.00000	0.000000	660	0	666	72130
GCfix_007492	0.13977	0.071080	0.00000	0.000000	659	0	662	71490
GCfix_011247	0.13935	0.070556	0.00000	0.000000	657	0	664	71540
GCfix_009199	0.13935	0.071192	0.00000	0.000000	657	0	664	72102
GCall_007808	0.13871	0.070436	0.00000	0.000000	654	0	660	71238
GCfix_000672	0.13850	0.070976	0.00000	0.000000	653	0	664	72288
GCfix_009396	0.13829	0.066882	0.00000	0.000000	652	0	656	67378
GCall_000610	0.13829	0.070340	0.00000	0.000000	652	0	658	71138
GCall_003518	0.13808	0.070457	0.00000	0.000000	651	0	660	71668
GCall_000011	0.13786	0.070510	0.00000	0.000000	650	0	654	71110
GCall_002279	0.13744	0.070009	0.00000	0.000000	648	0	652	70568
GCall_011701	0.13723	0.069866	0.00000	0.000000	647	0	652	70550
GCall_003292	0.13702	0.069242	0.00000	0.000000	646	0	648	69542
GCfix_003924	0.13680	0.069710	0.00000	0.000000	645	0	652	70694
GCall_011702	0.13680	0.069316	0.00000	0.000000	645	0	650	69768
GCall_000414	0.13659	0.069541	0.00000	0.000000	644	0	653	70673
GCall_008358	0.13638	0.069054	0.00000	0.000000	643	0	646	69448
GCfix_009767	0.13511	0.068478	0.00000	0.000000	637	0	642	69228
GCfix_001776	0.13511	0.068606	0.00000	0.000000	637	0	646	69742
GCall_003265	0.13511	0.069150	0.00000	0.000000	637	0	644	70104
GCfix_009851	0.13489	0.068532	0.00000	0.000000	636	0	640	68874
GCfix_001904	0.13489	0.068758	0.00000	0.000000	636	0	638	69058
GCfix_006194	0.13468	0.068802	0.00000	0.000000	635	0	640	69442
GCfix_002051	0.13468	0.068738	0.00000	0.000000	635	0	642	69678
GCall_005804	0.13426	0.068500	0.00000	0.000000	633	0	636	68918
GCall_002405	0.13405	0.068459	0.00000	0.000000	632	0	640	69560
GCfix_009205	0.13362	0.068252	0.00000	0.000000	630	0	636	68982
GCall_004494	0.13362	0.068117	0.00000	0.000000	630	0	636	68918
GCfix_002912	0.13341	0.067861	0.00000	0.000000	629	0	634	68510
GCall_011080	0.13341	0.067886	0.00000	0.000000	629	0	638	69084
GCall_009627	0.13341	0.068011	0.00000	0.000000	629	0	634	68662
GCfix_007692	0.13320	0.068018	0.00000	0.000000	628	0	632	68618
GCfix_008722	0.13299	0.068308	0.00000	0.000000	627	0	636	69618
GCall_004773	0.13299	0.067588	0.00000	0.000000	627	0	632	68224
GCfix_003832	0.13277	0.067668	0.00000	0.000000	626	0	630	68116
GCfix_001010	0.13277	0.067434	0.00000	0.000000	626	0	632	68226
GCfix_003565	0.13235	0.067300	0.00000	0.000000	624	0	628	67822
GCfix_002954	0.13235	0.067126	0.00000	0.000000	624	0	632	68226
GCall_011934	0.13235	0.066896	0.00000	0.000000	624	0	632	68022
GCall_011899	0.13235	0.067312	0.00000	0.000000	624	0	628	67870
GCall_011471	0.13235	0.066970	0.00000	0.000000	624	0	626	67228
GCall_002038	0.13235	0.067230	0.00000	0.000000	624	0	632	68246
GCfix_003248	0.13214	0.066860	0.00000	0.000000	623	0	628	67568
GCfix_009792	0.13193	0.067240	0.00000	0.000000	622	0	626	67800
GCall_010923	0.13193	0.067318	0.00000	0.000000	622	0	628	68102
GCfix_008180	0.13171	0.066980	0.00000	0.000000	621	0	624	67322
GCfix_005031	0.13150	0.067095	0.00000	0.000000	620	0	622	67360
GCall_003354	0.13150	0.067120	0.00000	0.000000	620	0	626	67958
GCall_006134	0.13129	0.067077	0.00000	0.000000	619	0	624	67794
GCfix_001881	0.13108	0.066976	0.00000	0.000000	618	0	622	67534
GCfix_009980	0.13086	0.066826	0.00000	0.000000	617	0	622	67540
GCall_007835	0.13086	0.066462	0.00000	0.000000	617	0	618	66612
GCall_003038	0.13086	0.066836	0.00000	0.000000	617	0	620	67286
GCfix_009153	0.13002	0.065999	0.00000	0.000000	613	0	624	67546
GCfix_002122	0.12980	0.066175	0.00000	0.000000	612	0	614	66444
GCall_007684	0.12980	0.066085	0.00000	0.000000	612	0	616	66652
GCfix_003384	0.12917	0.066025	0.00000	0.000000	609	0	610	66136
GCfix_001552	0.12896	0.065286	0.00000	0.000000	608	0	616	66336
GCall_006257	0.12896	0.065765	0.00000	0.000000	608	0	614	66592
GCall_008298	0.12874	0.065754	0.00000	0.000000	607	0	608	65904
GCall_000021	0.12853	0.065675	0.00000	0.000000	606	0	610	66242
GCfix_011225	0.12832	0.065560	0.00000	0.000000	605	0	610	66278
GCfix_003573	0.12811	0.064933	0.00000	0.000000	604	0	610	65698
GCfix_002668	0.12790	0.065339	0.00000	0.000000	603	0	612	66458
GCfix_010434	0.12768	0.065400	0.00000	0.000000	602	0	608	66266
GCall_001978	0.12726	0.064500	0.00000	0.000000	600	0	604	65100
GCall_006695	0.12683	0.064447	0.00000	0.000000	598	0	602	64982
GCfix_011351	0.12662	0.064319	0.00000	0.000000	597	0	604	65230
GCfix_009682	0.12662	0.064567	0.00000	0.000000	597	0	604	65508
GCfix_003979	0.12662	0.064958	0.00000	0.000000	597	0	606	66236
GCfix_001486	0.12641	0.064661	0.00000	0.000000	596	0	600	65198
GCfix_003910	0.12620	0.064383	0.00000	0.000000	595	0	602	65274
GCfix_008712	0.12577	0.063969	0.00000	0.000000	593	0	596	64354
GCall_009948	0.12556	0.063921	0.00000	0.000000	592	0	598	64726
GCfix_005219	0.12514	0.063643	0.00000	0.000000	590	0	596	64398
GCfix_002838	0.12514	0.063802	0.00000	0.000000	590	0	596	64660
GCall_010069	0.12514	0.063565	0.00000	0.000000	590	0	598	64618
GCall_008310	0.12493	0.063952	0.00000	0.000000	589	0	596	64960
GCfix_003501	0.12471	0.063398	0.00000	0.000000	588	0	590	63698
GCall_009055	0.12471	0.063645	0.00000	0.000000	588	0	596	64718
GCall_000632	0.12471	0.063559	0.00000	0.000000	588	0	590	63822
GCall_006000	0.12450	0.063387	0.00000	0.000000	587	0	594	64328
GCfix_010331	0.12429	0.063151	0.00000	0.000000	586	0	592	63902
GCall_002013	0.12408	0.062833	0.00000	0.000000	585	0	590	63436
GCfix_002669	0.12323	0.062993	0.00000	0.000000	581	0	583	63250
GCall_009439	0.12323	0.062796	0.00000	0.000000	581	0	582	62946
GCall_006718	0.12323	0.062304	0.00000	0.000000	581	0	582	62454
GCfix_007034	0.12302	0.062688	0.00000	0.000000	580	0	582	62988
GCfix_005653	0.12302	0.062446	0.00000	0.000000	580	0	584	63012
GCall_003089	0.12302	0.062890	0.00000	0.000000	580	0	582	63158
GCfix_004267	0.12280	0.062975	0.00000	0.000000	579	0	588	64186
GCall_005676	0.12280	0.062864	0.00000	0.000000	579	0	586	63842
GCall_004085	0.12280	0.062158	0.00000	0.000000	579	0	588	63242
GCfix_004354	0.12259	0.062140	0.00000	0.000000	578	0	580	62398
GCall_010215	0.12259	0.062682	0.00000	0.000000	578	0	582	63258
GCall_008872	0.12259	0.062537	0.00000	0.000000	578	0	580	62770
GCfix_002162	0.12196	0.062425	0.00000	0.000000	575	0	580	63134
GCall_005771	0.12196	0.062284	0.00000	0.000000	575	0	582	63230
GCfix_004825	0.12153	0.061874	0.00000	0.000000	573	0	576	62294
GCall_009882	0.12153	0.061870	0.00000	0.000000	573	0	580	62812
GCall_011315	0.12111	0.061553	0.00000	0.000000	571	0	576	62156
GCall_011180	0.12047	0.061396	0.00000	0.000000	568	0	572	61898
GCall_005327	0.12047	0.061360	0.00000	0.000000	568	0	572	61926
GCall_010899	0.12005	0.061335	0.00000	0.000000	566	0	572	62168
GCfix_007512	0.11984	0.060746	0.00000	0.000000	565	0	568	61162
GCall_011148	0.11962	0.061409	0.00000	0.000000	564	0	580	63666
GCall_004981	0.11941	0.060830	0.00000	0.000000	563	0	566	61206
GCall_003902	0.11941	0.060992	0.00000	0.000000	563	0	564	61142
GCall_000860	0.11920	0.060735	0.00000	0.000000	562	0	568	61602
GCfix_008718	0.11877	0.060531	0.00000	0.000000	560	0	564	61066
GCall_010649	0.11877	0.060644	0.00000	0.000000	560	0	562	60860
GCall_006861	0.11877	0.060569	0.00000	0.000000	560	0	568	61602
GCall_004576	0.11877	0.060276	0.00000	0.000000	560	0	562	60542
GCall_001493	0.11877	0.060555	0.00000	0.000000	560	0	566	61358
GCfix_008668	0.11835	0.060110	0.00000	0.000000	558	0	560	60410
GCfix_001298	0.11835	0.060294	0.00000	0.000000	558	0	564	61094
GCall_009723	0.11814	0.059796	0.00000	0.000000	557	0	560	60246
GCfix_011057	0.11793	0.060730	0.00000	0.000000	556	0	562	61630
GCfix_010820	0.11793	0.060067	0.00000	0.000000	556	0	564	61116
GCall_004876	0.11793	0.060022	0.00000	0.000000	556	0	558	60322
GCall_008522	0.11750	0.059966	0.00000	0.000000	554	0	556	60226
GCall_003379	0.11729	0.060298	0.00000	0.000000	553	0	564	61810
GCfix_005815	0.11708	0.059792	0.00000	0.000000	552	0	554	60092
GCfix_003906	0.11708	0.059709	0.00000	0.000000	552	0	558	60452
GCall_006762	0.11708	0.059848	0.00000	0.000000	552	0	554	60066
GCfix_006749	0.11665	0.059472	0.00000	0.000000	550	0	560	60914
GCfix_006841	0.11644	0.059114	0.00000	0.000000	549	0	552	59424
GCfix_007482	0.11602	0.059485	0.00000	0.000000	547	0	552	60202
GCfix_006872	0.11602	0.059084	0.00000	0.000000	547	0	548	59234
GCall_010158	0.11602	0.059142	0.00000	0.000000	547	0	554	60014
GCall_003795	0.11559	0.059390	0.00000	0.000000	545	0	556	60862
GCall_001878	0.11559	0.058686	0.00000	0.000000	545	0	546	58796
GCfix_011817	0.11496	0.058898	0.00000	0.000000	542	0	550	59966
GCfix_011533	0.11496	0.057682	0.00000	0.000000	542	0	548	58504
GCall_008633	0.11496	0.058645	0.00000	0.000000	542	0	546	59176
GCfix_006490	0.11475	0.058147	0.00000	0.000000	541	0	544	58522
GCall_007067	0.11475	0.058617	0.00000	0.000000	541	0	550	59870
GCall_011298	0.11432	0.058324	0.00000	0.000000	539	0	542	58702
GCall_006279	0.11411	0.057938	0.00000	0.000000	538	0	546	58996
GCall_004726	0.11411	0.058572	0.00000	0.000000	538	0	542	59114
GCfix_004351	0.11390	0.058151	0.00000	0.000000	537	0	542	58766
GCfix_009534	0.11368	0.057956	0.00000	0.000000	536	0	538	58172
GCfix_001675	0.11347	0.057937	0.00000	0.000000	535	0	542	58772
GCall_008285	0.11326	0.057791	0.00000	0.000000	534	0	540	58614
GCfix_003459	0.11284	0.057194	0.00000	0.000000	532	0	540	58262
GCall_000459	0.11284	0.057051	0.00000	0.000000	532	0	538	57910
GCfix_004814	0.11262	0.057374	0.00000	0.000000	531	0	534	57784
GCfix_010986	0.11241	0.057398	0.00000	0.000000	530	0	532	57664
GCfix_007744	0.11220	0.057106	0.00000	0.000000	529	0	540	58616
GCfix_007557	0.11220	0.057245	0.00000	0.000000	529	0	534	57920
GCall_004208	0.11220	0.057000	0.00000	0.000000	529	0	532	57450
GCall_005303	0.11199	0.056879	0.00000	0.000000	528	0	532	57446
GCall_003916	0.11178	0.056828	0.00000	0.000000	527	0	528	56934
GCfix_003237	0.11156	0.057224	0.00000	0.000000	526	0	532	58124
GCfix_002105	0.11156	0.056302	0.00000	0.000000	526	0	528	56568
GCall_010756	0.11156	0.056612	0.00000	0.000000	526	0	526	56612
GCall_001433	0.11050	0.056414	0.00000	0.000000	521	0	526	57054
GCfix_009840	0.11029	0.056228	0.00000	0.000000	520	0	526	56938
GCall_003551	0.11029	0.056329	0.00000	0.000000	520	0	526	57114
GCall_005126	0.11008	0.056184	0.00000	0.000000	519	0	524	56820
GCfix_006967	0.10965	0.056344	0.00000	0.000000	517	0	524	57326
GCfix_007239	0.10944	0.055662	0.00000	0.000000	516	0	520	56194
GCall_010694	0.10923	0.055718	0.00000	0.000000	515	0	518	56128
GCfix_004079	0.10902	0.055138	0.00000	0.000000	514	0	520	55930
GCfix_010314	0.10859	0.055164	0.00000	0.000000	512	0	518	56024
GCall_009012	0.10859	0.055411	0.00000	0.000000	512	0	522	56678
GCall_001046	0.10859	0.054697	0.00000	0.000000	512	0	520	55690
GCfix_008380	0.10838	0.055324	0.00000	0.000000	511	0	514	55694
GCall_011151	0.10838	0.055420	0.00000	0.000000	511	0	516	56130
GCfix_006254	0.10817	0.054920	0.00000	0.000000	510	0	514	55446
GCfix_002595	0.10796	0.055316	0.00000	0.000000	509	0	518	56474
GCall_009388	0.10690	0.054558	0.00000	0.000000	504	0	508	55158
GCfix_005127	0.10669	0.054116	0.00000	0.000000	503	0	506	54566
GCfix_010025	0.10647	0.054424	0.00000	0.000000	502	0	506	55024
GCfix_002715	0.10626	0.054636	0.00000	0.000000	501	0	512	56146
GCfix_010762	0.10605	0.054156	0.00000	0.000000	500	0	506	54960
GCfix_007942	0.10605	0.053977	0.00000	0.000000	500	0	506	54646
GCall_004468	0.10605	0.053675	0.00000	0.000000	500	0	508	54740
GCfix_010075	0.10562	0.053976	0.00000	0.000000	498	0	506	54960
GCfix_007930	0.10562	0.053703	0.00000	0.000000	498	0	504	54404
GCfix_003389	0.10541	0.053468	0.00000	0.000000	497	0	502	54062
GCall_006565	0.10541	0.053978	0.00000	0.000000	497	0	504	54956
GCall_004995	0.10520	0.053914	0.00000	0.000000	496	0	502	54772
GCall_008719	0.10478	0.053237	0.00000	0.000000	494	0	500	54074
GCall_009244	0.10456	0.053200	0.00000	0.000000	493	0	494	53350
GCfix_001594	0.10435	0.053154	0.00000	0.000000	492	0	498	54014
GCall_011889	0.10393	0.053016	0.00000	0.000000	490	0	494	53576
GCall_002094	0.10393	0.053420	0.00000	0.000000	490	0	500	54878
GCall_007497	0.10372	0.052765	0.00000	0.000000	489	0	490	52884
GCfix_005996	0.10329	0.052600	0.00000	0.000000	487	0	490	53008
GCfix_002479	0.10329	0.052715	0.00000	0.000000	487	0	488	52832
GCfix_008095	0.10308	0.052658	0.00000	0.000000	486	0	492	53496
GCfix_001825	0.10287	0.052607	0.00000	0.000000	485	0	488	53024
GCfix_009277	0.10266	0.051986	0.00000	0.000000	484	0	486	52286
GCfix_009774	0.10223	0.052219	0.00000	0.000000	482	0	490	53240
GCall_004125	0.10202	0.051854	0.00000	0.000000	481	0	482	51972
GCfix_001380	0.10181	0.051730	0.00000	0.000000	480	0	482	52030
GCall_000608	0.10159	0.051746	0.00000	0.000000	479	0	482	52158
GCall_007462	0.10138	0.051224	0.00000	0.000000	478	0	482	51676
GCfix_007726	0.10117	0.051655	0.00000	0.000000	477	0	480	52072
GCall_009976	0.10117	0.051486	0.00000	0.000000	477	0	480	51904
GCfix_008379	0.10096	0.051380	0.00000	0.000000	476	0	478	51638
GCall_004213	0.10096	0.051158	0.00000	0.000000	476	0	480	51652
GCall_003696	0.10053	0.051098	0.00000	0.000000	474	0	478	51630
GCall_000634	0.10053	0.051233	0.00000	0.000000	474	0	478	51744
GCfix_007755	0.09990	0.051052	0.00000	0.000000	471	0	476	51764
GCfix_001195	0.09990	0.050828	0.00000	0.000000	471	0	474	51236
GCall_008869	0.09990	0.051036	0.00000	0.000000	471	0	474	51362
GCall_008607	0.09990	0.050944	0.00000	0.000000	471	0	472	51094
GCall_005051	0.09990	0.050910	0.00000	0.000000	471	0	474	51328
GCall_011851	0.09969	0.050750	0.00000	0.000000	470	0	480	52174
GCfix_009764	0.09947	0.050800	0.00000	0.000000	469	0	470	50950
GCfix_009292	0.09947	0.050516	0.00000	0.000000	469	0	478	51760
GCfix_008163	0.09905	0.050586	0.00000	0.000000	467	0	470	50964
GCall_009905	0.09905	0.050565	0.00000	0.000000	467	0	474	51426
GCall_006477	0.09905	0.050537	0.00000	0.000000	467	0	474	51464
GCfix_005829	0.09884	0.050371	0.00000	0.000000	466	0	470	50900
GCall_005538	0.09884	0.050648	0.00000	0.000000	466	0	470	51248
GCall_001903	0.09884	0.050472	0.00000	0.000000	466	0	470	51000
GCall_003487	0.09841	0.050031	0.00000	0.000000	464	0	470	50814
GCfix_000710	0.09820	0.050062	0.00000	0.000000	463	0	474	51442
GCfix_010500	0.09799	0.049803	0.00000	0.000000	462	0	464	50034
GCfix_000633	0.09799	0.049968	0.00000	0.000000	462	0	466	50468
GCfix_001746	0.09778	0.049969	0.00000	0.000000	461	0	468	50874
GCall_004014	0.09778	0.049544	0.00000	0.000000	461	0	466	50210
GCall_001525	0.09778	0.049702	0.00000	0.000000	461	0	462	49818
GCfix_009017	0.09757	0.049775	0.00000	0.000000	460	0	466	50604
GCfix_006033	0.09757	0.050026	0.00000	0.000000	460	0	468	51128
GCall_003773	0.09757	0.049660	0.00000	0.000000	460	0	462	49926
GCall_002499	0.09735	0.049538	0.00000	0.000000	459	0	464	50256
GCfix_006035	0.09714	0.049675	0.00000	0.000000	458	0	468	51120
GCall_008351	0.09714	0.049451	0.00000	0.000000	458	0	464	50178
GCall_004061	0.09714	0.049588	0.00000	0.000000	458	0	458	49588
GCfix_002612	0.09693	0.049335	0.00000	0.000000	457	0	462	49940
GCfix_002881	0.09629	0.048818	0.00000	0.000000	454	0	458	49226
GCall_004776	0.09608	0.048832	0.00000	0.000000	453	0	456	49250
GCall_000466	0.09587	0.048859	0.00000	0.000000	452	0	456	49426
GCfix_003351	0.09544	0.048620	0.00000	0.000000	450	0	456	49382
GCfix_001630	0.09544	0.048578	0.00000	0.000000	450	0	452	48844
GCall_008840	0.09523	0.048630	0.00000	0.000000	449	0	454	49310
GCall_006055	0.09523	0.048418	0.00000	0.000000	449	0	454	49028
GCfix_001921	0.09502	0.048352	0.00000	0.000000	448	0	452	48838
GCfix_010822	0.09460	0.047888	0.00000	0.000000	446	0	448	48188
GCfix_008258	0.09460	0.048068	0.00000	0.000000	446	0	448	48344
GCall_010012	0.09460	0.048184	0.00000	0.000000	446	0	452	49046
GCall_008650	0.09396	0.048006	0.00000	0.000000	443	0	454	49434
GCall_009169	0.09354	0.047694	0.00000	0.000000	441	0	448	48642
GCall_002343	0.09354	0.047670	0.00000	0.000000	441	0	446	48344
GCfix_007545	0.09290	0.047506	0.00000	0.000000	438	0	442	48040
GCfix_000485	0.09290	0.046876	0.00000	0.000000	438	0	438	46876
GCall_009612	0.09290	0.047482	0.00000	0.000000	438	0	444	48340
GCall_006349	0.09269	0.047172	0.00000	0.000000	437	0	438	47322
GCfix_007615	0.09226	0.046938	0.00000	0.000000	435	0	438	47316
GCall_004840	0.09226	0.047204	0.00000	0.000000	435	0	440	47870
GCall_003424	0.09226	0.047080	0.00000	0.000000	435	0	438	47530
GCfix_007286	0.09205	0.046475	0.00000	0.000000	434	0	438	47008
GCall_006949	0.09205	0.046697	0.00000	0.000000	434	0	436	46924
GCall_005173	0.09184	0.046856	0.00000	0.000000	433	0	436	47264
GCfix_007435	0.09163	0.046506	0.00000	0.000000	432	0	432	46506
GCall_009688	0.09099	0.046267	0.00000	0.000000	429	0	434	46934
GCall_004037	0.09078	0.045873	0.00000	0.000000	428	0	436	46966
GCall_009033	0.09057	0.046236	0.00000	0.000000	427	0	434	47250
GCall_007142	0.09057	0.046061	0.00000	0.000000	427	0	432	46752
GCall_002196	0.09057	0.046324	0.00000	0.000000	427	0	432	47006
GCall_000303	0.08993	0.045936	0.00000	0.000000	424	0	432	47018
GCfix_003779	0.08929	0.045284	0.00000	0.000000	421	0	422	45400
GCfix_003433	0.08929	0.045157	0.00000	0.000000	421	0	422	45272
GCall_007076	0.08844	0.044922	0.00000	0.000000	417	0	420	45272
GCall_004965	0.08823	0.044804	0.00000	0.000000	416	0	422	45704
GCfix_000122	0.08802	0.044884	0.00000	0.000000	415	0	418	45268
GCall_003213	0.08802	0.044741	0.00000	0.000000	415	0	418	45114
GCfix_001424	0.08781	0.044986	0.00000	0.000000	414	0	416	45254
GCall_001390	0.08781	0.044855	0.00000	0.000000	414	0	418	45356
GCall_008397	0.08760	0.044386	0.00000	0.000000	413	0	414	44536
GCall_009888	0.08738	0.044604	0.00000	0.000000	412	0	414	44904
GCall_002135	0.08738	0.044463	0.00000	0.000000	412	0	414	44730
GCall_007257	0.08654	0.044017	0.00000	0.000000	408	0	412	44516
GCall_011248	0.08632	0.044019	0.00000	0.000000	407	0	410	44436
GCfix_011770	0.08526	0.043471	0.00000	0.000000	402	0	406	43996
GCfix_006854	0.08526	0.043242	0.00000	0.000000	402	0	404	43506
GCfix_003530	0.08505	0.043161	0.00000	0.000000	401	0	404	43544
GCfix_004724	0.08484	0.042856	0.00000	0.000000	400	0	402	43156
GCfix_002975	0.08442	0.042710	0.00000	0.000000	398	0	398	42710
GCall_009600	0.08420	0.042650	0.00000	0.000000	397	0	402	43318
GCall_002470	0.08378	0.042772	0.00000	0.000000	395	0	400	43490
GCall_011936	0.08314	0.042137	0.00000	0.000000	392	0	394	42378
GCfix_000328	0.08229	0.039846	0.00000	0.000000	388	0	390	40006
GCfix_010919	0.08208	0.041468	0.00000	0.000000	387	0	392	42072
GCall_006580	0.08187	0.041598	0.00000	0.000000	386	0	388	41898
GCall_005171	0.08102	0.041190	0.00000	0.000000	382	0	388	41952
GCfix_008799	0.07996	0.040680	0.00000	0.000000	377	0	378	40796
GCall_001445	0.07996	0.040828	0.00000	0.000000	377	0	382	41578
GCfix_009530	0.07911	0.040051	0.00000	0.000000	373	0	376	40466
GCfix_006001	0.07911	0.040326	0.00000	0.000000	373	0	376	40734
GCfix_009230	0.07869	0.040172	0.00000	0.000000	371	0	376	40880
GCall_001164	0.07869	0.040190	0.00000	0.000000	371	0	376	40816
GCfix_009466	0.07848	0.040072	0.00000	0.000000	370	0	374	40640
GCall_003628	0.07848	0.039842	0.00000	0.000000	370	0	370	39842
GCall_008239	0.07805	0.039486	0.00000	0.000000	368	0	370	39786
GCall_008705	0.07763	0.039585	0.00000	0.000000	366	0	368	39852
GCall_010616	0.07742	0.039272	0.00000	0.000000	365	0	366	39422
GCfix_008205	0.07720	0.039172	0.00000	0.000000	364	0	370	39970
GCall_010100	0.07699	0.039134	0.00000	0.000000	363	0	364	39250
GCall_010527	0.07657	0.038905	0.00000	0.000000	361	0	364	39194
GCall_007245	0.07657	0.038820	0.00000	0.000000	361	0	366	39472
GCall_007967	0.07593	0.039020	0.00000	0.000000	358	0	366	40086
GCall_010980	0.07551	0.038182	0.00000	0.000000	356	0	358	38410
GCfix_008946	0.07529	0.038568	0.00000	0.000000	355	0	362	39542
GCfix_001579	0.07508	0.041450	0.00000	0.000000	354	0	414	50450
GCall_001613	0.07445	0.037984	0.00000	0.000000	351	0	356	38614
GCfix_001301	0.07423	0.037999	0.00000	0.000000	350	0	354	38500
GCall_000024	0.07423	0.037972	0.00000	0.000000	350	0	354	38540
GCfix_006164	0.07360	0.037450	0.00000	0.000000	347	0	352	38094
GCfix_001855	0.07296	0.037104	0.00000	0.000000	344	0	348	37662
GCall_007752	0.07190	0.036378	0.00000	0.000000	339	0	344	37010
GCfix_009109	0.07169	0.036164	0.00000	0.000000	338	0	342	36682
GCfix_001349	0.07169	0.036096	0.00000	0.000000	338	0	340	36364
GCfix_011289	0.07084	0.036194	0.00000	0.000000	334	0	340	36988
GCfix_009000	0.07084	0.036064	0.00000	0.000000	334	0	338	36632
GCfix_000310	0.07042	0.036300	0.00000	0.000000	332	0	338	37102
GCfix_007895	0.06957	0.035302	0.00000	0.000000	328	0	328	35302
GCfix_000494	0.06851	0.034641	0.00000	0.000000	323	0	326	34934
GCall_005302	0.06830	0.034801	0.00000	0.000000	322	0	326	35206
GCall_009881	0.06681	0.034121	0.00000	0.000000	315	0	318	34508
GCall_003527	0.06660	0.033884	0.00000	0.000000	314	0	320	34710
GCfix_002692	0.06617	0.033348	0.00000	0.000000	312	0	314	33648
GCall_000900	0.06554	0.033415	0.00000	0.000000	309	0	310	33532
GCall_011139	0.06299	0.032268	0.00000	0.000000	297	0	302	33018
GCall_010153	0.06278	0.031846	0.00000	0.000000	296	0	298	32080
GCall_001646	0.06257	0.031677	0.00000	0.000000	295	0	298	32052
GCall_000675	0.06214	0.031978	0.00000	0.000000	293	0	298	32694
GCfix_009836	0.06151	0.031254	0.00000	0.000000	290	0	292	31514
GCfix_010239	0.05833	0.029703	0.00000	0.000000	275	0	276	29808
GCall_007775	0.05684	0.028872	0.00000	0.000000	268	0	272	29432
GCfix_001888	0.05536	0.028114	0.00000	0.000000	261	0	264	28564
GCall_002015	0.05451	0.027731	0.00000	0.000000	257	0	260	28148
GCall_000918	0.05302	0.027056	0.00000	0.000000	250	0	250	27056
GCfix_000986	0.05133	0.025828	0.00000	0.000000	242	0	242	25828
GCfix_006950	0.05069	0.025812	0.00000	0.000000	239	0	240	25962
GCfix_006488	0.04963	0.025550	0.00000	0.000000	234	0	234	25550
GCall_008616	0.04899	0.024935	0.00000	0.000000	231	0	234	25354
GCall_001761	0.04687	0.023726	0.00000	0.000000	221	0	222	23844
GCfix_008415	0.04496	0.022872	0.00000	0.000000	212	0	212	22872
GCfix_000765	0.04030	0.020570	0.00000	0.000000	190	0	194	21096
GCall_005098	0.03669	0.018604	0.00000	0.000000	173	0	174	18714
GCall_004607	0.03627	0.018450	0.00000	0.000000	171	0	172	18600
GCfix_008283	0.03606	0.018510	0.00000	0.000000	170	0	170	18510
GCall_005506	0.03606	0.018386	0.00000	0.000000	170	0	170	18386
GCall_010726	0.03584	0.018444	0.00000	0.000000	169	0	170	18552
GCfix_006125	0.03542	0.017803	0.00000	0.000000	167	0	168	17920
GCfix_004684	0.03542	0.018066	0.00000	0.000000	167	0	168	18216
GCfix_009551	0.03478	0.017686	0.00000	0.000000	164	0	166	17986
GCall_005495	0.03203	0.016558	0.00000	0.000000	151	0	152	16708
GCall_008713	0.03160	0.016208	0.00000	0.000000	149	0	150	16358
GCall_001837	0.03118	0.015876	0.00000	0.000000	147	0	148	16026
GCall_001437	0.02948	0.014958	0.00000	0.000000	139	0	140	15108
GCfix_005295	0.02842	0.014430	0.00000	0.000000	134	0	138	14968
GCall_002611	0.02778	0.014066	0.00000	0.000000	131	0	132	14174
GCall_011555	0.02672	0.013590	0.00000	0.000000	126	0	126	13590
GCfix_003174	0.02651	0.013316	0.00000	0.000000	125	0	126	13424
GCall_005365	0.02588	0.013320	0.00000	0.000000	122	0	122	13320
GCfix_000069	0.02545	0.012908	0.00000	0.000000	120	0	120	12908
GCall_011761	0.02354	0.012000	0.00000	0.000000	111	0	112	12116
GCfix_007100	0.02291	0.011638	0.00000	0.000000	108	0	108	11638
GCall_011209	0.02185	0.011006	0.00000	0.000000	103	0	104	11116
GCall_009466	0.02163	0.011060	0.00000	0.000000	102	0	104	11360
GCfix_007293	0.02142	0.011018	0.00000	0.000000	101	0	102	11168
GCall_005623	0.02142	0.010940	0.00000	0.000000	101	0	102	11090
GCfix_008175	0.02015	0.010258	0.00000	0.000000	95	0	96	10374
GCall_000907	0.01973	0.010114	0.00000	0.000000	93	0	96	10502
GCfix_007861	0.01824	0.009142	0.00000	0.000000	86	0	86	9142
GCall_002514	0.01803	0.009148	0.00000	0.000000	85	0	88	9598
GCfix_008792	0.01739	0.008798	0.00000	0.000000	82	0	82	8798
GCall_007634	0.01718	0.008678	0.00000	0.000000	81	0	82	8788
GCall_006946	0.01654	0.008522	0.00000	0.000000	78	0	78	8522
GCall_000946	0.01633	0.008396	0.00000	0.000000	77	0	80	8806
GCfix_006932	0.01612	0.008198	0.00000	0.000000	76	0	76	8198
GCfix_007858	0.01570	0.007960	0.00000	0.000000	74	0	74	7960
GCfix_005470	0.01548	0.007859	0.00000	0.000000	73	0	76	8236
GCfix_009808	0.01527	0.007764	0.00000	0.000000	72	0	72	7764
GCfix_009368	0.01485	0.007494	0.00000	0.000000	70	0	70	7494
GCfix_008688	0.01442	0.004856	0.00000	0.000000	68	0	68	4856
GCall_008141	0.01442	0.007376	0.00000	0.000000	68	0	70	7636
GCall_003530	0.01421	0.007137	0.00000	0.000000	67	0	68	7166
GCfix_011381	0.01400	0.006810	0.00000	0.000000	66	0	66	6810
GCfix_010122	0.01400	0.006818	0.00000	0.000000	66	0	66	6818
GCall_002336	0.01400	0.007110	0.00000	0.000000	66	0	66	7110
GCfix_007432	0.01379	0.006930	0.00000	0.000000	65	0	66	7080
GCfix_006716	0.01357	0.006892	0.00000	0.000000	64	0	64	6892
GCall_003266	0.01357	0.006892	0.00000	0.000000	64	0	64	6892
GCall_011691	0.01336	0.006800	0.00000	0.000000	63	0	64	6918
GCall_002381	0.01336	0.006841	0.00000	0.000000	63	0	64	6958
GCfix_005618	0.01315	0.006762	0.00000	0.000000	62	0	62	6762
GCfix_008161	0.01294	0.006582	0.00000	0.000000	61	0	62	6698
GCall_008864	0.01294	0.006564	0.00000	0.000000	61	0	62	6674
GCall_004934	0.01294	0.006414	0.00000	0.000000	61	0	62	6524
GCall_000752	0.01273	0.006312	0.00000	0.000000	60	0	60	6312
GCfix_009409	0.01230	0.006258	0.00000	0.000000	58	0	58	6258
GCall_010052	0.01230	0.006144	0.00000	0.000000	58	0	58	6144
GCfix_002314	0.01167	0.005746	0.00000	0.000000	55	0	56	5854
GCall_006623	0.01167	0.005880	0.00000	0.000000	55	0	56	6030
GCall_003168	0.01167	0.005660	0.00000	0.000000	55	0	56	5810
GCall_006696	0.01124	0.005655	0.00000	0.000000	53	0	54	5702
GCall_005091	0.01124	0.005752	0.00000	0.000000	53	0	54	5902
GCfix_010907	0.01103	0.005340	0.00000	0.000000	52	0	52	5340
GCfix_008612	0.01103	0.005700	0.00000	0.000000	52	0	52	5700
GCfix_000982	0.01103	0.005582	0.00000	0.000000	52	0	52	5582
GCall_003537	0.01103	0.005608	0.00000	0.000000	52	0	52	5608
GCfix_008239	0.01060	0.005388	0.00000	0.000000	50	0	50	5388
GCall_002020	0.01060	0.005164	0.00000	0.000000	50	0	50	5164
GCall_000166	0.01060	0.005386	0.00000	0.000000	50	0	50	5386
GCfix_006691	0.01039	0.005182	0.00000	0.000000	49	0	50	5332
GCfix_002651	0.01018	0.005054	0.00000	0.000000	48	0	48	5054
GCall_008253	0.01018	0.005176	0.00000	0.000000	48	0	48	5176
GCall_004855	0.00997	0.005230	0.00000	0.000000	47	0	48	5338
GCall_003881	0.00997	0.005072	0.00000	0.000000	47	0	48	5180
GCall_004556	0.00976	0.004964	0.00000	0.000000	46	0	46	4964
GCfix_007366	0.00954	0.004856	0.00000	0.000000	45	0	46	5006
GCfix_000662	0.00954	0.004616	0.00000	0.000000	45	0	46	4726
GCall_007852	0.00954	0.004849	0.00000	0.000000	45	0	46	4966
GCfix_005658	0.00933	0.004824	0.00000	0.000000	44	0	44	4824
GCfix_002865	0.00933	0.004622	0.00000	0.000000	44	0	44	4622
GCall_010909	0.00933	0.004750	0.00000	0.000000	44	0	44	4750
GCall_009697	0.00933	0.004626	0.00000	0.000000	44	0	46	4890
GCall_008580	0.00933	0.004548	0.00000	0.000000	44	0	44	4548
GCall_003974	0.00933	0.004744	0.00000	0.000000	44	0	44	4744
GCall_002169	0.00933	0.004740	0.00000	0.000000	44	0	44	4740
GCfix_011680	0.00912	0.004592	0.00000	0.000000	43	0	44	4742
GCfix_002416	0.00912	0.004650	0.00000	0.000000	43	0	44	4800
GCfix_000253	0.00891	0.004436	0.00000	0.000000	42	0	42	4436
GCall_000894	0.00891	0.004520	0.00000	0.000000	42	0	42	4520
GCfix_004977	0.00848	0.004312	0.00000	0.000000	40	0	40	4312
GCfix_003977	0.00848	0.004310	0.00000	0.000000	40	0	40	4310
GCall_008851	0.00848	0.004264	0.00000	0.000000	40	0	40	4264
GCall_000703	0.00848	0.004146	0.00000	0.000000	40	0	40	4146
GCall_010523	0.00827	0.004242	0.00000	0.000000	39	0	40	4392
GCfix_009200	0.00806	0.004098	0.00000	0.000000	38	0	38	4098
GCfix_003447	0.00806	0.003786	0.00000	0.000000	38	0	38	3786
GCfix_001331	0.00806	0.004120	0.00000	0.000000	38	0	38	4120
GCfix_008544	0.00764	0.003876	0.00000	0.000000	36	0	36	3876
GCall_006561	0.00764	0.004052	0.00000	0.000000	36	0	36	4052
GCall_006409	0.00764	0.003848	0.00000	0.000000	36	0	36	3848
GCfix_005217	0.00721	0.003536	0.00000	0.000000	34	0	34	3536
GCall_002957	0.00721	0.003670	0.00000	0.000000	34	0	34	3670
GCall_000727	0.00721	0.003554	0.00000	0.000000	34	0	34	3554
GCfix_001025	0.00700	0.003514	0.00000	0.000000	33	0	34	3664
GCall_003109	0.00700	0.003464	0.00000	0.000000	33	0	34	3614
GCfix_008339	0.00679	0.003498	0.00000	0.000000	32	0	32	3498
GCfix_007180	0.00679	0.003452	0.00000	0.000000	32	0	32	3452
GCfix_001466	0.00679	0.003448	0.00000	0.000000	32	0	32	3448
GCall_006569	0.00679	0.003136	0.00000	0.000000	32	0	32	3136
GCall_003077	0.00679	0.003454	0.00000	0.000000	32	0	32	3454
GCall_002734	0.00679	0.003478	0.00000	0.000000	32	0	32	3478
GCall_002225	0.00679	0.003452	0.00000	0.000000	32	0	32	3452
GCall_000834	0.00679	0.003444	0.00000	0.000000	32	0	32	3444
GCfix_010995	0.00636	0.002956	0.00000	0.000000	30	0	30	2956
GCfix_009246	0.00636	0.003236	0.00000	0.000000	30	0	30	3236
GCfix_008301	0.00636	0.002152	0.00000	0.000000	30	0	30	2152
GCfix_004325	0.00636	0.003234	0.00000	0.000000	30	0	30	3234
GCfix_001523	0.00636	0.002952	0.00000	0.000000	30	0	30	2952
GCall_009163	0.00636	0.003170	0.00000	0.000000	30	0	30	3170
GCall_006778	0.00636	0.003202	0.00000	0.000000	30	0	30	3202
GCfix_003478	0.00615	0.003125	0.00000	0.000000	29	0	30	3242
GCfix_007818	0.00594	0.002868	0.00000	0.000000	28	0	28	2868
GCall_009395	0.00594	0.003010	0.00000	0.000000	28	0	28	3010
GCall_009637	0.00573	0.002917	0.00000	0.000000	27	0	28	3034
GCfix_011795	0.00551	0.002796	0.00000	0.000000	26	0	26	2796
GCfix_008210	0.00551	0.002808	0.00000	0.000000	26	0	26	2808
GCall_009907	0.00551	0.002796	0.00000	0.000000	26	0	26	2796
GCall_007674	0.00551	0.002508	0.00000	0.000000	26	0	26	2508
GCall_004341	0.00551	0.002768	0.00000	0.000000	26	0	26	2768
GCall_002046	0.00551	0.002532	0.00000	0.000000	26	0	26	2532
GCfix_005294	0.00530	0.002710	0.00000	0.000000	25	0	26	2828
GCall_008498	0.00530	0.002638	0.00000	0.000000	25	0	26	2754
GCall_008146	0.00530	0.002593	0.00000	0.000000	25	0	26	2690
GCfix_011629	0.00509	0.002592	0.00000	0.000000	24	0	24	2592
GCfix_010039	0.00509	0.002480	0.00000	0.000000	24	0	24	2480
GCfix_010027	0.00509	0.002592	0.00000	0.000000	24	0	24	2592
GCall_005896	0.00509	0.002608	0.00000	0.000000	24	0	24	2608
GCfix_005482	0.00488	0.002602	0.00000	0.000000	23	0	24	2752
GCfix_001713	0.00488	0.002408	0.00000	0.000000	23	0	24	2558
GCall_011257	0.00488	0.002486	0.00000	0.000000	23	0	24	2604
GCfix_009515	0.00467	0.002094	0.00000	0.000000	22	0	22	2094
GCfix_007384	0.00467	0.002364	0.00000	0.000000	22	0	22	2364
GCfix_004846	0.00467	0.002376	0.00000	0.000000	22	0	22	2376
GCall_003420	0.00467	0.002364	0.00000	0.000000	22	0	22	2364
GCall_002565	0.00467	0.002374	0.00000	0.000000	22	0	22	2374
GCall_004890	0.00445	0.002171	0.00000	0.000000	21	0	22	2280
GCfix_010076	0.00424	0.002156	0.00000	0.000000	20	0	20	2156
GCfix_006284	0.00424	0.001904	0.00000	0.000000	20	0	20	1904
GCfix_002438	0.00424	0.001928	0.00000	0.000000	20	0	20	1928
GCfix_000501	0.00424	0.002106	0.00000	0.000000	20	0	20	2106
GCall_008497	0.00424	0.002144	0.00000	0.000000	20	0	20	2144
GCall_007900	0.00424	0.002158	0.00000	0.000000	20	0	20	2158
GCall_007218	0.00424	0.002160	0.00000	0.000000	20	0	20	2160
GCall_005716	0.00424	0.002116	0.00000	0.000000	20	0	22	2340
GCall_003959	0.00424	0.002040	0.00000	0.000000	20	0	20	2040
GCall_001408	0.00424	0.002082	0.00000	0.000000	20	0	20	2082
GCall_000765	0.00424	0.001714	0.00000	0.000000	20	0	20	1714
GCall_000558	0.00424	0.002042	0.00000	0.000000	20	0	20	2042
GCall_006666	0.00403	0.001814	0.00000	0.000000	19	0	22	2230
GCall_005641	0.00403	0.001971	0.00000	0.000000	19	0	20	1996
GCfix_007821	0.00382	0.001794	0.00000	0.000000	18	0	18	1794
GCfix_007281	0.00382	0.001756	0.00000	0.000000	18	0	18	1756
GCfix_007241	0.00382	0.001653	0.00000	0.000000	18	0	20	1854
GCfix_006032	0.00382	0.001900	0.00000	0.000000	18	0	18	1900
GCfix_001516	0.00382	0.001968	0.00000	0.000000	18	0	18	1968
GCall_005948	0.00382	0.001944	0.00000	0.000000	18	0	18	1944
GCall_005335	0.00382	0.001720	0.00000	0.000000	18	0	18	1720
GCall_004880	0.00382	0.001936	0.00000	0.000000	18	0	18	1936
GCall_002159	0.00382	0.001766	0.00000	0.000000	18	0	18	1766
GCfix_006416	0.00361	0.001801	0.00000	0.000000	17	0	18	1886
GCfix_006223	0.00361	0.001868	0.00000	0.000000	17	0	18	2018
GCall_008335	0.00361	0.001868	0.00000	0.000000	17	0	18	2018
GCall_004087	0.00361	0.001332	0.00000	0.000000	17	0	18	1482
GCfix_009379	0.00339	0.001606	0.00000	0.000000	16	0	16	1606
GCfix_002268	0.00339	0.001746	0.00000	0.000000	16	0	16	1746
GCfix_001959	0.00339	0.001724	0.00000	0.000000	16	0	16	1724
GCall_011987	0.00339	0.001722	0.00000	0.000000	16	0	16	1722
GCall_006679	0.00339	0.001726	0.00000	0.000000	16	0	16	1726
GCall_006291	0.00339	0.001676	0.00000	0.000000	16	0	16	1676
GCall_004501	0.00339	0.001582	0.00000	0.000000	16	0	16	1582
GCall_003056	0.00339	0.001356	0.00000	0.000000	16	0	16	1356
GCall_002500	0.00339	0.001592	0.00000	0.000000	16	0	16	1592
GCall_001158	0.00339	0.001278	0.00000	0.000000	16	0	16	1278
GCall_011111	0.00318	0.001625	0.00000	0.000000	15	0	16	1742
GCfix_010226	0.00297	0.001328	0.00000	0.000000	14	0	14	1328
GCfix_009742	0.00297	0.001412	0.00000	0.000000	14	0	14	1412
GCfix_008781	0.00297	0.001228	0.00000	0.000000	14	0	14	1228
GCfix_004141	0.00297	0.001470	0.00000	0.000000	14	0	14	1470
GCfix_002984	0.00297	0.001508	0.00000	0.000000	14	0	14	1508
GCfix_001845	0.00297	0.001470	0.00000	0.000000	14	0	14	1470
GCall_006793	0.00297	0.001312	0.00000	0.000000	14	0	14	1312
GCall_005618	0.00297	0.001512	0.00000	0.000000	14	0	14	1512
GCall_002851	0.00297	0.001406	0.00000	0.000000	14	0	14	1406
GCall_000870	0.00297	0.001512	0.00000	0.000000	14	0	14	1512
GCfix_010952	0.00255	0.001252	0.00000	0.000000	12	0	12	1252
GCfix_009922	0.00255	0.000872	0.00000	0.000000	12	0	12	872
GCfix_009039	0.00255	0.001030	0.00000	0.000000	12	0	12	1030
GCfix_008279	0.00255	0.001290	0.00000	0.000000	12	0	12	1290
GCfix_007078	0.00255	0.001192	0.00000	0.000000	12	0	12	1192
GCfix_003591	0.00255	0.001294	0.00000	0.000000	12	0	12	1294
GCfix_002516	0.00255	0.001294	0.00000	0.000000	12	0	12	1294
GCfix_002254	0.00255	0.001288	0.00000	0.000000	12	0	12	1288
GCfix_001044	0.00255	0.001336	0.00000	0.000000	12	0	12	1336
GCall_010229	0.00255	0.001292	0.00000	0.000000	12	0	12	1292
GCall_008824	0.00255	0.001296	0.00000	0.000000	12	0	12	1296
GCall_005901	0.00255	0.001240	0.00000	0.000000	12	0	12	1240
GCall_005373	0.00255	0.001296	0.00000	0.000000	12	0	12	1296
GCall_001380	0.00255	0.001296	0.00000	0.000000	12	0	12	1296
GCall_000123	0.00255	0.001278	0.00000	0.000000	12	0	12	1278
GCfix_010724	0.00233	0.001032	0.00000	0.000000	11	0	12	1140
GCfix_011128	0.00212	0.001018	0.00000	0.000000	10	0	10	1018
GCfix_011090	0.00212	0.001080	0.00000	0.000000	10	0	10	1080
GCfix_010325	0.00212	0.000918	0.00000	0.000000	10	0	10	918
GCfix_009699	0.00212	0.001038	0.00000	0.000000	10	0	10	1038
GCfix_008952	0.00212	0.001078	0.00000	0.000000	10	0	10	1078
GCfix_005488	0.00212	0.001076	0.00000	0.000000	10	0	10	1076
GCfix_003988	0.00212	0.001080	0.00000	0.000000	10	0	10	1080
GCfix_003752	0.00212	0.001078	0.00000	0.000000	10	0	10	1078
GCfix_002364	0.00212	0.000938	0.00000	0.000000	10	0	10	938
GCfix_000468	0.00212	0.001164	0.00000	0.000000	10	0	10	1164
GCall_010929	0.00212	0.001080	0.00000	0.000000	10	0	10	1080
GCall_009992	0.00212	0.000966	0.00000	0.000000	10	0	10	966
GCall_009972	0.00212	0.000926	0.00000	0.000000	10	0	10	926
GCall_009362	0.00212	0.001078	0.00000	0.000000	10	0	10	1078
GCall_007891	0.00212	0.001074	0.00000	0.000000	10	0	10	1074
GCall_007645	0.00212	0.001080	0.00000	0.000000	10	0	10	1080
GCall_001972	0.00212	0.001072	0.00000	0.000000	10	0	10	1072
GCfix_008322	0.00170	0.000798	0.00000	0.000000	8	0	8	798
GCfix_008068	0.00170	0.000786	0.00000	0.000000	8	0	8	786
GCfix_003441	0.00170	0.000770	0.00000	0.000000	8	0	8	770
GCfix_002913	0.00170	0.000714	0.00000	0.000000	8	0	8	714
GCall_009970	0.00170	0.000862	0.00000	0.000000	8	0	8	862
GCall_009953	0.00170	0.000860	0.00000	0.000000	8	0	8	860
GCall_009332	0.00170	0.000862	0.00000	0.000000	8	0	8	862
GCall_008392	0.00170	0.000864	0.00000	0.000000	8	0	8	864
GCall_006538	0.00170	0.000854	0.00000	0.000000	8	0	8	854
GCall_004301	0.00170	0.000866	0.00000	0.000000	8	0	8	866
GCall_002631	0.00170	0.000862	0.00000	0.000000	8	0	8	862
GCall_001350	0.00170	0.000864	0.00000	0.000000	8	0	8	864
GCall_000432	0.00170	0.000864	0.00000	0.000000	8	0	8	864
GCall_000070	0.00170	0.000682	0.00000	0.000000	8	0	8	682
GCfix_010300	0.00127	0.000648	0.00000	0.000000	6	0	6	648
GCfix_010190	0.00127	0.000642	0.00000	0.000000	6	0	6	642
GCfix_010181	0.00127	0.000646	0.00000	0.000000	6	0	6	646
GCfix_009278	0.00127	0.000646	0.00000	0.000000	6	0	6	646
GCfix_008854	0.00127	0.000470	0.00000	0.000000	6	0	6	470
GCfix_008425	0.00127	0.000494	0.00000	0.000000	6	0	6	494
GCfix_007922	0.00127	0.000648	0.00000	0.000000	6	0	6	648
GCfix_007077	0.00127	0.000648	0.00000	0.000000	6	0	6	648
GCfix_006234	0.00127	0.000642	0.00000	0.000000	6	0	6	642
GCfix_003707	0.00127	0.000416	0.00000	0.000000	6	0	6	416
GCfix_003525	0.00127	0.000648	0.00000	0.000000	6	0	6	648
GCfix_002761	0.00127	0.000558	0.00000	0.000000	6	0	6	558
GCfix_002574	0.00127	0.000648	0.00000	0.000000	6	0	6	648
GCfix_002482	0.00127	0.000732	0.00000	0.000000	6	0	6	732
GCfix_002463	0.00127	0.000648	0.00000	0.000000	6	0	6	648
GCfix_001377	0.00127	0.000648	0.00000	0.000000	6	0	6	648
GCfix_001327	0.00127	0.000644	0.00000	0.000000	6	0	6	644
GCfix_001324	0.00127	0.000648	0.00000	0.000000	6	0	6	648
GCfix_000338	0.00127	0.000644	0.00000	0.000000	6	0	6	644
GCfix_000276	0.00127	0.000640	0.00000	0.000000	6	0	6	640
GCfix_000183	0.00127	0.000530	0.00000	0.000000	6	0	6	530
GCall_010490	0.00127	0.000648	0.00000	0.000000	6	0	6	648
GCall_010222	0.00127	0.000504	0.00000	0.000000	6	0	6	504
GCall_006159	0.00127	0.000394	0.00000	0.000000	6	0	6	394
GCall_005794	0.00127	0.000648	0.00000	0.000000	6	0	6	648
GCall_005534	0.00127	0.000620	0.00000	0.000000	6	0	6	620
GCall_005457	0.00127	0.000646	0.00000	0.000000	6	0	6	646
GCall_003582	0.00127	0.000646	0.00000	0.000000	6	0	6	646
GCall_001387	0.00127	0.000518	0.00000	0.000000	6	0	6	518
GCall_001267	0.00127	0.000640	0.00000	0.000000	6	0	6	640
GCall_001015	0.00127	0.000646	0.00000	0.000000	6	0	6	646
GCall_000431	0.00127	0.000636	0.00000	0.000000	6	0	6	636
GCfix_006640	0.00106	0.000448	0.00000	0.000000	5	0	6	464
GCfix_011811	0.00085	0.000432	0.00000	0.000000	4	0	4	432
GCfix_010019	0.00085	0.000432	0.00000	0.000000	4	0	4	432
GCfix_008713	0.00085	0.000432	0.00000	0.000000	4	0	4	432
GCfix_006994	0.00085	0.000342	0.00000	0.000000	4	0	4	342
GCfix_006390	0.00085	0.000432	0.00000	0.000000	4	0	4	432
GCfix_005845	0.00085	0.000516	0.00000	0.000000	4	0	4	516
GCfix_005514	0.00085	0.000432	0.00000	0.000000	4	0	4	432
GCfix_005042	0.00085	0.000358	0.00000	0.000000	4	0	4	358
GCfix_004694	0.00085	0.000154	0.00000	0.000000	4	0	4	154
GCfix_003449	0.00085	0.000256	0.00000	0.000000	4	0	4	256
GCfix_002262	0.00085	0.000430	0.00000	0.000000	4	0	4	430
GCfix_001733	0.00085	0.000432	0.00000	0.000000	4	0	4	432
GCfix_001592	0.00085	0.000432	0.00000	0.000000	4	0	4	432
GCfix_001590	0.00085	0.000312	0.00000	0.000000	4	0	4	312
GCfix_001024	0.00085	0.000432	0.00000	0.000000	4	0	4	432
GCfix_000026	0.00085	0.000432	0.00000	0.000000	4	0	4	432
GCall_011896	0.00085	0.000432	0.00000	0.000000	4	0	4	432
GCall_011870	0.00085	0.000332	0.00000	0.000000	4	0	4	332
GCall_010467	0.00085	0.000292	0.00000	0.000000	4	0	4	292
GCall_010432	0.00085	0.000432	0.00000	0.000000	4	0	4	432
GCall_007813	0.00085	0.000428	0.00000	0.000000	4	0	4	428
GCall_006796	0.00085	0.000156	0.00000	0.000000	4	0	4	156
GCall_005548	0.00085	0.000352	0.00000	0.000000	4	0	4	352
GCall_005095	0.00085	0.000428	0.00000	0.000000	4	0	4	428
GCall_002345	0.00085	0.000430	0.00000	0.000000	4	0	4	430
GCall_002199	0.00085	0.000424	0.00000	0.000000	4	0	4	424
GCall_002145	0.00085	0.000304	0.00000	0.000000	4	0	4	304
GCall_001874	0.00085	0.000430	0.00000	0.000000	4	0	4	430
GCall_000293	0.00085	0.000432	0.00000	0.000000	4	0	4	432
GCall_000198	0.00085	0.000372	0.00000	0.000000	4	0	4	372
GCfix_010726	0.00042	0.000214	0.00000	0.000000	2	0	2	214
GCfix_009101	0.00042	0.000054	0.00000	0.000000	2	0	2	54
GCfix_008711	0.00042	0.000044	0.00000	0.000000	2	0	2	44
GCfix_008651	0.00042	0.000136	0.00000	0.000000	2	0	2	136
GCfix_008116	0.00042	0.000216	0.00000	0.000000	2	0	2	216
GCfix_003914	0.00042	0.000216	0.00000	0.000000	2	0	2	216
GCfix_003507	0.00042	0.000216	0.00000	0.000000	2	0	2	216
GCfix_001405	0.00042	0.000126	0.00000	0.000000	2	0	2	126
GCfix_000666	0.00042	0.000146	0.00000	0.000000	2	0	2	146
GCfix_000658	0.00042	0.000216	0.00000	0.000000	2	0	2	216
GCfix_000386	0.00042	0.000214	0.00000	0.000000	2	0	2	214
GCfix_000120	0.00042	0.000216	0.00000	0.000000	2	0	2	216
GCall_011580	0.00042	0.000216	0.00000	0.000000	2	0	2	216
GCall_010305	0.00042	0.000216	0.00000	0.000000	2	0	2	216
GCall_009982	0.00042	0.000214	0.00000	0.000000	2	0	2	214
GCall_009807	0.00042	0.000216	0.00000	0.000000	2	0	2	216
GCall_009316	0.00042	0.000216	0.00000	0.000000	2	0	2	216
GCall_006686	0.00042	0.000154	0.00000	0.000000	2	0	2	154
GCall_006119	0.00042	0.000216	0.00000	0.000000	2	0	2	216
GCall_002469	0.00042	0.000202	0.00000	0.000000	2	0	2	202
GCall_002337	0.00042	0.000216	0.00000	0.000000	2	0	2	216
