#name	%unambiguousReads	unambiguousMB	%ambiguousReads	ambiguousMB	unambiguousReads	ambiguousReads	assignedReads	assignedBases
GCfix_000952	0.88814	0.337550	0.00000	0.000000	4220	0	4242	339324
GCall_010027	0.25886	0.133341	0.00000	0.000000	1230	0	1240	134620
GCall_004788	0.25381	0.130608	0.00000	0.000000	1206	0	1214	131698
GCall_001634	0.25150	0.129166	0.00000	0.000000	1195	0	1198	129584
GCfix_000188	0.25129	0.129079	0.00000	0.000000	1194	0	1200	129916
GCall_008070	0.23908	0.122912	0.00000	0.000000	1136	0	1144	123974
GCfix_000358	0.23761	0.122191	0.00000	0.000000	1129	0	1136	123206
GCfix_010893	0.23571	0.121327	0.00000	0.000000	1120	0	1126	122122
GCall_008247	0.23550	0.121122	0.00000	0.000000	1119	0	1126	122042
GCfix_008874	0.23277	0.119391	0.00000	0.000000	1106	0	1108	119660
GCfix_007750	0.22940	0.118107	0.00000	0.000000	1090	0	1094	118636
GCfix_011827	0.22919	0.117340	0.00000	0.000000	1089	0	1096	118246
GCall_005749	0.22709	0.116610	0.00000	0.000000	1079	0	1086	117560
GCall_006378	0.22351	0.114822	0.00000	0.000000	1062	0	1066	115360
GCfix_002804	0.21993	0.113088	0.00000	0.000000	1045	0	1048	113464
GCfix_010422	0.21867	0.112029	0.00000	0.000000	1039	0	1048	113104
GCall_001851	0.21825	0.111705	0.00000	0.000000	1037	0	1044	112612
GCfix_002883	0.21761	0.111628	0.00000	0.000000	1034	0	1040	112472
GCfix_000590	0.21761	0.111843	0.00000	0.000000	1034	0	1038	112346
GCall_009919	0.21761	0.111916	0.00000	0.000000	1034	0	1036	112182
GCall_004481	0.21719	0.111523	0.00000	0.000000	1032	0	1040	112624
GCall_004122	0.21404	0.110022	0.00000	0.000000	1017	0	1022	110704
GCfix_002813	0.21319	0.109196	0.00000	0.000000	1013	0	1016	109612
GCfix_005405	0.21172	0.108701	0.00000	0.000000	1006	0	1010	109236
GCfix_008578	0.21130	0.108209	0.00000	0.000000	1004	0	1008	108744
GCfix_002038	0.20751	0.106173	0.00000	0.000000	986	0	990	106698
GCfix_003152	0.20688	0.106411	0.00000	0.000000	983	0	988	107130
GCall_006217	0.20541	0.105516	0.00000	0.000000	976	0	984	106534
GCfix_010983	0.20415	0.105005	0.00000	0.000000	970	0	978	106140
GCall_008868	0.20351	0.104304	0.00000	0.000000	967	0	972	105020
GCfix_005555	0.20246	0.103606	0.00000	0.000000	962	0	962	103606
GCfix_005060	0.20246	0.104154	0.00000	0.000000	962	0	970	105288
GCfix_011094	0.20141	0.103512	0.00000	0.000000	957	0	962	104142
GCall_003884	0.20141	0.103183	0.00000	0.000000	957	0	960	103600
GCfix_002088	0.20078	0.103036	0.00000	0.000000	954	0	960	103830
GCall_000439	0.20015	0.102626	0.00000	0.000000	951	0	956	103284
GCall_000208	0.20015	0.102229	0.00000	0.000000	951	0	956	102876
GCfix_005569	0.19888	0.102032	0.00000	0.000000	945	0	950	102716
GCall_010123	0.19846	0.102280	0.00000	0.000000	943	0	946	102730
GCfix_009103	0.19762	0.101512	0.00000	0.000000	939	0	946	102468
GCall_005056	0.19762	0.101616	0.00000	0.000000	939	0	942	101988
GCall_011608	0.19657	0.100870	0.00000	0.000000	934	0	936	101128
GCall_006262	0.19636	0.100379	0.00000	0.000000	933	0	938	101096
GCfix_011331	0.19615	0.100575	0.00000	0.000000	932	0	936	101100
GCall_006870	0.19594	0.100690	0.00000	0.000000	931	0	936	101304
GCfix_001586	0.19573	0.100457	0.00000	0.000000	930	0	934	100990
GCfix_006745	0.19531	0.101384	0.00000	0.000000	928	0	935	102434
GCall_010142	0.19404	0.099570	0.00000	0.000000	922	0	924	99798
GCall_006502	0.19404	0.099136	0.00000	0.000000	922	0	924	99436
GCfix_006285	0.19383	0.099650	0.00000	0.000000	921	0	928	100586
GCall_008236	0.19341	0.099653	0.00000	0.000000	919	0	922	100030
GCall_002983	0.19320	0.099490	0.00000	0.000000	918	0	920	99790
GCfix_004391	0.19278	0.099080	0.00000	0.000000	916	0	920	99614
GCfix_001628	0.19257	0.099134	0.00000	0.000000	915	0	920	99774
GCfix_000022	0.19215	0.098255	0.00000	0.000000	913	0	916	98642
GCall_007723	0.19215	0.100715	0.00000	0.000000	913	0	932	103408
GCall_011687	0.19194	0.098558	0.00000	0.000000	912	0	916	99126
GCfix_000077	0.19131	0.098715	0.00000	0.000000	909	0	912	99132
GCfix_010475	0.19110	0.097967	0.00000	0.000000	908	0	910	98198
GCall_000369	0.19110	0.098121	0.00000	0.000000	908	0	912	98688
GCfix_005310	0.19068	0.098214	0.00000	0.000000	906	0	908	98514
GCfix_007747	0.18962	0.097394	0.00000	0.000000	901	0	906	98078
GCall_008380	0.18941	0.097088	0.00000	0.000000	900	0	904	97648
GCfix_008919	0.18920	0.096816	0.00000	0.000000	899	0	902	97184
GCfix_006160	0.18920	0.097103	0.00000	0.000000	899	0	902	97446
GCfix_004183	0.18899	0.097926	0.00000	0.000000	898	0	902	98494
GCfix_007349	0.18878	0.097082	0.00000	0.000000	897	0	902	97790
GCall_010748	0.18836	0.096486	0.00000	0.000000	895	0	896	96636
GCfix_009343	0.18815	0.096773	0.00000	0.000000	894	0	898	97270
GCfix_007507	0.18815	0.096640	0.00000	0.000000	894	0	900	97506
GCfix_005299	0.18815	0.096941	0.00000	0.000000	894	0	900	97764
GCall_002628	0.18815	0.096339	0.00000	0.000000	894	0	898	96904
GCfix_001509	0.18773	0.096275	0.00000	0.000000	892	0	896	96810
GCall_004019	0.18731	0.096150	0.00000	0.000000	890	0	894	96684
GCfix_011715	0.18710	0.096069	0.00000	0.000000	889	0	896	96944
GCall_006242	0.18626	0.095598	0.00000	0.000000	885	0	888	96014
GCall_005062	0.18626	0.095310	0.00000	0.000000	885	0	888	95728
GCfix_006220	0.18584	0.095259	0.00000	0.000000	883	0	890	96274
GCall_005748	0.18562	0.095310	0.00000	0.000000	882	0	886	95872
GCfix_004076	0.18541	0.095234	0.00000	0.000000	881	0	888	96136
GCall_009628	0.18520	0.095238	0.00000	0.000000	880	0	884	95760
GCfix_005473	0.18499	0.094886	0.00000	0.000000	879	0	884	95548
GCfix_000668	0.18499	0.094779	0.00000	0.000000	879	0	880	94896
GCfix_006258	0.18457	0.094457	0.00000	0.000000	877	0	882	95094
GCfix_002655	0.18436	0.094451	0.00000	0.000000	876	0	882	95276
GCall_009124	0.18436	0.094536	0.00000	0.000000	876	0	878	94836
GCall_010977	0.18415	0.094392	0.00000	0.000000	875	0	880	95142
GCfix_003151	0.18394	0.094623	0.00000	0.000000	874	0	876	94890
GCall_004436	0.18352	0.094356	0.00000	0.000000	872	0	878	95180
GCall_004064	0.18331	0.093679	0.00000	0.000000	871	0	872	93796
GCall_003050	0.18331	0.093223	0.00000	0.000000	871	0	872	93340
GCall_007731	0.18289	0.094416	0.00000	0.000000	869	0	878	95706
GCall_004442	0.18289	0.094137	0.00000	0.000000	869	0	872	94554
GCall_007880	0.18226	0.094889	0.00000	0.000000	866	0	880	96934
GCall_011861	0.18142	0.093066	0.00000	0.000000	862	0	866	93624
GCfix_011728	0.18099	0.093461	0.00000	0.000000	860	0	864	93996
GCall_005460	0.17994	0.092398	0.00000	0.000000	855	0	858	92766
GCall_010833	0.17973	0.091821	0.00000	0.000000	854	0	856	92086
GCfix_011936	0.17868	0.091951	0.00000	0.000000	849	0	852	92370
GCfix_010341	0.17847	0.091694	0.00000	0.000000	848	0	850	91994
GCfix_011443	0.17805	0.091437	0.00000	0.000000	846	0	850	91970
GCfix_009248	0.17784	0.091210	0.00000	0.000000	845	0	846	91360
GCall_002161	0.17763	0.091199	0.00000	0.000000	844	0	848	91702
GCall_010902	0.17742	0.091325	0.00000	0.000000	843	0	848	92044
GCfix_009734	0.17658	0.090485	0.00000	0.000000	839	0	846	91470
GCfix_004146	0.17636	0.090382	0.00000	0.000000	838	0	840	90652
GCall_004601	0.17594	0.090561	0.00000	0.000000	836	0	842	91244
GCfix_011878	0.17573	0.090605	0.00000	0.000000	835	0	842	91594
GCfix_004773	0.17552	0.089894	0.00000	0.000000	834	0	840	90658
GCfix_005857	0.17531	0.089812	0.00000	0.000000	833	0	838	90458
GCall_010169	0.17489	0.089890	0.00000	0.000000	831	0	836	90568
GCall_008912	0.17489	0.089816	0.00000	0.000000	831	0	834	90234
GCall_007925	0.17489	0.089646	0.00000	0.000000	831	0	834	90034
GCall_008503	0.17468	0.089622	0.00000	0.000000	830	0	832	89922
GCall_005872	0.17426	0.089243	0.00000	0.000000	828	0	830	89470
GCall_010506	0.17405	0.089231	0.00000	0.000000	827	0	832	89908
GCall_005933	0.17405	0.089046	0.00000	0.000000	827	0	832	89754
GCall_003919	0.17405	0.089518	0.00000	0.000000	827	0	828	89668
GCall_004897	0.17384	0.089138	0.00000	0.000000	826	0	828	89364
GCfix_002652	0.17363	0.089108	0.00000	0.000000	825	0	828	89558
GCfix_001910	0.17279	0.088522	0.00000	0.000000	821	0	824	88938
GCfix_007047	0.17258	0.088280	0.00000	0.000000	820	0	822	88514
GCall_003002	0.17258	0.088650	0.00000	0.000000	820	0	822	88950
GCall_002180	0.17258	0.088595	0.00000	0.000000	820	0	824	89162
GCall_003345	0.17237	0.088124	0.00000	0.000000	819	0	820	88234
GCfix_006392	0.17216	0.088326	0.00000	0.000000	818	0	820	88594
GCfix_000287	0.17173	0.088309	0.00000	0.000000	816	0	820	88800
GCall_010770	0.17173	0.087847	0.00000	0.000000	816	0	820	88382
GCall_001167	0.17152	0.088068	0.00000	0.000000	815	0	818	88518
GCfix_005179	0.17131	0.087436	0.00000	0.000000	814	0	814	87436
GCfix_004562	0.17110	0.087755	0.00000	0.000000	813	0	820	88616
GCall_007207	0.17110	0.088140	0.00000	0.000000	813	0	820	89024
GCall_001472	0.17089	0.087666	0.00000	0.000000	812	0	816	88224
GCfix_011884	0.17047	0.087248	0.00000	0.000000	810	0	812	87506
GCfix_007304	0.17047	0.087139	0.00000	0.000000	810	0	814	87666
GCall_011713	0.17026	0.087518	0.00000	0.000000	809	0	822	89242
GCall_002482	0.17026	0.087198	0.00000	0.000000	809	0	816	87996
GCfix_010596	0.17005	0.087576	0.00000	0.000000	808	0	808	87576
GCall_006461	0.17005	0.087436	0.00000	0.000000	808	0	810	87736
GCfix_008217	0.16984	0.087382	0.00000	0.000000	807	0	812	88074
GCall_005204	0.16984	0.087471	0.00000	0.000000	807	0	814	88422
GCall_000331	0.16921	0.087084	0.00000	0.000000	804	0	808	87652
GCall_010815	0.16879	0.086492	0.00000	0.000000	802	0	802	86492
GCfix_005933	0.16858	0.086472	0.00000	0.000000	801	0	806	87076
GCfix_008218	0.16837	0.086411	0.00000	0.000000	800	0	806	87170
GCall_006853	0.16837	0.086533	0.00000	0.000000	800	0	804	87070
GCfix_006184	0.16816	0.086181	0.00000	0.000000	799	0	802	86536
GCall_007232	0.16795	0.086074	0.00000	0.000000	798	0	798	86074
GCfix_009899	0.16753	0.086030	0.00000	0.000000	796	0	800	86548
GCfix_005678	0.16753	0.085737	0.00000	0.000000	796	0	802	86504
GCfix_004976	0.16753	0.086436	0.00000	0.000000	796	0	798	86706
GCfix_009472	0.16731	0.085713	0.00000	0.000000	795	0	800	86430
GCfix_008538	0.16710	0.085670	0.00000	0.000000	794	0	794	85670
GCfix_008067	0.16668	0.086002	0.00000	0.000000	792	0	800	87118
GCfix_008370	0.16605	0.085445	0.00000	0.000000	789	0	794	86064
GCfix_009936	0.16584	0.085414	0.00000	0.000000	788	0	792	85990
GCfix_006706	0.16584	0.084427	0.00000	0.000000	788	0	794	85220
GCall_006957	0.16584	0.085297	0.00000	0.000000	788	0	796	86314
GCfix_006179	0.16563	0.085162	0.00000	0.000000	787	0	790	85570
GCfix_004470	0.16563	0.084663	0.00000	0.000000	787	0	790	85000
GCfix_000661	0.16563	0.085443	0.00000	0.000000	787	0	790	85826
GCall_010192	0.16563	0.085302	0.00000	0.000000	787	0	788	85412
GCfix_000352	0.16542	0.084687	0.00000	0.000000	786	0	790	85226
GCfix_000458	0.16521	0.084964	0.00000	0.000000	785	0	786	85114
GCall_003996	0.16500	0.084223	0.00000	0.000000	784	0	792	85348
GCall_008190	0.16479	0.084623	0.00000	0.000000	783	0	784	84736
GCall_003083	0.16479	0.084295	0.00000	0.000000	783	0	786	84670
GCall_010314	0.16437	0.084312	0.00000	0.000000	781	0	784	84644
GCall_000576	0.16437	0.084155	0.00000	0.000000	781	0	784	84572
GCall_010349	0.16416	0.084323	0.00000	0.000000	780	0	782	84548
GCall_004377	0.16416	0.084407	0.00000	0.000000	780	0	782	84634
GCfix_007049	0.16395	0.084246	0.00000	0.000000	779	0	782	84634
GCall_009745	0.16374	0.084404	0.00000	0.000000	778	0	782	84940
GCall_006830	0.16374	0.083760	0.00000	0.000000	778	0	782	84326
GCall_006134	0.16374	0.084167	0.00000	0.000000	778	0	784	84928
GCall_003620	0.16374	0.084406	0.00000	0.000000	778	0	782	84980
GCfix_007138	0.16353	0.084041	0.00000	0.000000	777	0	784	84954
GCfix_002677	0.16332	0.083801	0.00000	0.000000	776	0	780	84362
GCfix_003584	0.16290	0.084066	0.00000	0.000000	774	0	782	85136
GCfix_004611	0.16247	0.083649	0.00000	0.000000	772	0	778	84432
GCfix_001423	0.16247	0.083748	0.00000	0.000000	772	0	778	84614
GCfix_000614	0.16247	0.083057	0.00000	0.000000	772	0	778	83820
GCfix_006512	0.16205	0.082908	0.00000	0.000000	770	0	776	83750
GCall_003574	0.16205	0.083196	0.00000	0.000000	770	0	776	83964
GCall_001919	0.16205	0.083545	0.00000	0.000000	770	0	776	84362
GCfix_002058	0.16184	0.083680	0.00000	0.000000	769	0	778	84822
GCfix_008132	0.16163	0.083032	0.00000	0.000000	768	0	772	83486
GCall_009239	0.16100	0.082491	0.00000	0.000000	765	0	766	82600
GCall_004953	0.16100	0.082552	0.00000	0.000000	765	0	768	82936
GCfix_004719	0.16058	0.082652	0.00000	0.000000	763	0	764	82802
GCfix_008609	0.16037	0.082349	0.00000	0.000000	762	0	768	83118
GCfix_007505	0.16037	0.082063	0.00000	0.000000	762	0	768	82820
GCall_006488	0.16016	0.082402	0.00000	0.000000	761	0	764	82852
GCfix_009938	0.15974	0.081814	0.00000	0.000000	759	0	760	81964
GCfix_011918	0.15953	0.081594	0.00000	0.000000	758	0	760	81854
GCfix_006134	0.15953	0.082359	0.00000	0.000000	758	0	764	83186
GCfix_003461	0.15953	0.081561	0.00000	0.000000	758	0	760	81826
GCfix_007936	0.15932	0.082028	0.00000	0.000000	757	0	764	82936
GCfix_001892	0.15932	0.082216	0.00000	0.000000	757	0	760	82592
GCfix_011877	0.15911	0.081630	0.00000	0.000000	756	0	758	81930
GCfix_007957	0.15911	0.081460	0.00000	0.000000	756	0	758	81760
GCfix_007548	0.15911	0.081808	0.00000	0.000000	756	0	758	82068
GCall_009760	0.15911	0.081904	0.00000	0.000000	756	0	762	82730
GCall_004960	0.15911	0.081660	0.00000	0.000000	756	0	756	81660
GCfix_009875	0.15869	0.081531	0.00000	0.000000	754	0	762	82654
GCfix_010714	0.15848	0.081024	0.00000	0.000000	753	0	756	81440
GCfix_004297	0.15848	0.081102	0.00000	0.000000	753	0	754	81216
GCall_002517	0.15848	0.081421	0.00000	0.000000	753	0	758	82100
GCall_000069	0.15848	0.080999	0.00000	0.000000	753	0	756	81382
GCall_002328	0.15827	0.081252	0.00000	0.000000	752	0	754	81552
GCfix_011395	0.15784	0.080836	0.00000	0.000000	750	0	752	81136
GCfix_005235	0.15784	0.080862	0.00000	0.000000	750	0	754	81462
GCall_005469	0.15784	0.081091	0.00000	0.000000	750	0	756	81894
GCall_008644	0.15763	0.080934	0.00000	0.000000	749	0	750	81084
GCall_009241	0.15742	0.083006	0.00000	0.000000	748	0	756	84176
GCall_005107	0.15742	0.080511	0.00000	0.000000	748	0	752	81078
GCall_010368	0.15721	0.080673	0.00000	0.000000	747	0	752	81286
GCfix_007042	0.15679	0.080478	0.00000	0.000000	745	0	751	81256
GCfix_005505	0.15679	0.081235	0.00000	0.000000	745	0	752	82226
GCfix_000833	0.15679	0.080712	0.00000	0.000000	745	0	748	81162
GCall_008310	0.15679	0.080739	0.00000	0.000000	745	0	750	81456
GCall_001778	0.15637	0.081985	0.00000	0.000000	743	0	748	82702
GCfix_010598	0.15616	0.079925	0.00000	0.000000	742	0	748	80682
GCall_005210	0.15616	0.080375	0.00000	0.000000	742	0	748	81206
GCfix_005155	0.15595	0.080168	0.00000	0.000000	741	0	744	80584
GCfix_009851	0.15574	0.079683	0.00000	0.000000	740	0	742	79824
GCall_000282	0.15574	0.079693	0.00000	0.000000	740	0	742	79962
GCfix_005163	0.15553	0.080058	0.00000	0.000000	739	0	747	81226
GCall_011282	0.15553	0.079972	0.00000	0.000000	739	0	742	80314
GCall_001203	0.15553	0.080038	0.00000	0.000000	739	0	744	80684
GCfix_006046	0.15532	0.079630	0.00000	0.000000	738	0	742	80116
GCall_001371	0.15532	0.079772	0.00000	0.000000	738	0	740	80072
GCall_001193	0.15532	0.079986	0.00000	0.000000	738	0	740	80244
GCall_006039	0.15511	0.079626	0.00000	0.000000	737	0	738	79776
GCall_005273	0.15490	0.079407	0.00000	0.000000	736	0	738	79672
GCall_002924	0.15490	0.079690	0.00000	0.000000	736	0	744	80856
GCall_001080	0.15490	0.079344	0.00000	0.000000	736	0	740	79878
GCall_010329	0.15469	0.079340	0.00000	0.000000	735	0	738	79758
GCfix_002681	0.15448	0.079387	0.00000	0.000000	734	0	738	79854
GCall_004773	0.15427	0.079300	0.00000	0.000000	733	0	738	80050
GCfix_008531	0.15406	0.079136	0.00000	0.000000	732	0	734	79404
GCfix_000543	0.15406	0.079107	0.00000	0.000000	732	0	738	79932
GCall_009985	0.15385	0.078953	0.00000	0.000000	731	0	736	79602
GCall_008368	0.15385	0.078978	0.00000	0.000000	731	0	734	79372
GCfix_009767	0.15364	0.078888	0.00000	0.000000	730	0	732	79124
GCfix_006020	0.15364	0.078844	0.00000	0.000000	730	0	732	79102
GCall_009880	0.15364	0.078878	0.00000	0.000000	730	0	732	79144
GCfix_010086	0.15342	0.079176	0.00000	0.000000	729	0	732	79626
GCall_007615	0.15342	0.078887	0.00000	0.000000	729	0	736	79904
GCall_003903	0.15342	0.078778	0.00000	0.000000	729	0	734	79430
GCall_009878	0.15300	0.078135	0.00000	0.000000	727	0	732	78778
GCall_000366	0.15279	0.078375	0.00000	0.000000	726	0	728	78650
GCall_007688	0.15237	0.078047	0.00000	0.000000	724	0	728	78588
GCall_008336	0.15195	0.077816	0.00000	0.000000	722	0	726	78416
GCall_006257	0.15195	0.077575	0.00000	0.000000	722	0	724	77842
GCfix_009396	0.15153	0.076611	0.00000	0.000000	720	0	724	77184
GCfix_003377	0.15153	0.077736	0.00000	0.000000	720	0	720	77736
GCall_003518	0.15153	0.077574	0.00000	0.000000	720	0	722	77874
GCall_000173	0.15153	0.077592	0.00000	0.000000	720	0	722	77892
GCfix_005198	0.15132	0.077812	0.00000	0.000000	719	0	720	77962
GCall_010387	0.15132	0.077546	0.00000	0.000000	719	0	722	77922
GCfix_007733	0.15090	0.077371	0.00000	0.000000	717	0	720	77742
GCfix_004825	0.15090	0.077394	0.00000	0.000000	717	0	718	77508
GCall_009439	0.15069	0.077934	0.00000	0.000000	716	0	722	78794
GCfix_011891	0.15048	0.077422	0.00000	0.000000	715	0	718	77872
GCfix_001776	0.15048	0.077285	0.00000	0.000000	715	0	720	78008
GCall_011080	0.15027	0.076978	0.00000	0.000000	714	0	716	77278
GCall_008165	0.15027	0.077066	0.00000	0.000000	714	0	716	77366
GCfix_006793	0.15006	0.077222	0.00000	0.000000	713	0	714	77332
GCall_004867	0.15006	0.076430	0.00000	0.000000	713	0	718	77106
GCfix_001510	0.14985	0.077397	0.00000	0.000000	712	0	716	77934
GCall_000296	0.14985	0.077103	0.00000	0.000000	712	0	716	77670
GCall_007354	0.14964	0.076860	0.00000	0.000000	711	0	712	77010
GCall_006695	0.14964	0.076848	0.00000	0.000000	711	0	714	77258
GCfix_009581	0.14943	0.076749	0.00000	0.000000	710	0	716	77516
GCall_007316	0.14943	0.076875	0.00000	0.000000	710	0	716	77668
GCfix_001552	0.14900	0.076584	0.00000	0.000000	708	0	712	77126
GCfix_000672	0.14900	0.076781	0.00000	0.000000	708	0	712	77304
GCall_011186	0.14900	0.076787	0.00000	0.000000	708	0	712	77262
GCall_007709	0.14900	0.076536	0.00000	0.000000	708	0	708	76536
GCall_009244	0.14879	0.076098	0.00000	0.000000	707	0	710	76506
GCfix_007613	0.14858	0.076185	0.00000	0.000000	706	0	710	76660
GCfix_006246	0.14858	0.076414	0.00000	0.000000	706	0	710	76922
GCfix_002668	0.14858	0.076084	0.00000	0.000000	706	0	712	76842
GCall_008872	0.14858	0.076577	0.00000	0.000000	706	0	712	77410
GCfix_006517	0.14837	0.075901	0.00000	0.000000	705	0	708	76288
GCfix_003579	0.14837	0.076090	0.00000	0.000000	705	0	706	76240
GCall_002279	0.14837	0.076309	0.00000	0.000000	705	0	712	77294
GCall_007684	0.14816	0.076032	0.00000	0.000000	704	0	706	76298
GCfix_009378	0.14795	0.076067	0.00000	0.000000	703	0	706	76484
GCall_003968	0.14795	0.075695	0.00000	0.000000	703	0	706	76056
GCall_001525	0.14795	0.075988	0.00000	0.000000	703	0	708	76664
GCfix_003979	0.14774	0.075770	0.00000	0.000000	702	0	706	76242
GCall_006762	0.14774	0.076077	0.00000	0.000000	702	0	706	76618
GCall_003038	0.14774	0.075742	0.00000	0.000000	702	0	704	76000
GCall_001056	0.14774	0.076079	0.00000	0.000000	702	0	706	76608
GCall_006897	0.14732	0.076242	0.00000	0.000000	700	0	702	76500
GCfix_004762	0.14711	0.075218	0.00000	0.000000	699	0	702	75592
GCall_011924	0.14711	0.075831	0.00000	0.000000	699	0	702	76180
GCall_005924	0.14690	0.075155	0.00000	0.000000	698	0	702	75688
GCall_003922	0.14690	0.075307	0.00000	0.000000	698	0	704	76062
GCfix_007382	0.14669	0.075000	0.00000	0.000000	697	0	702	75718
GCall_010081	0.14648	0.075066	0.00000	0.000000	696	0	700	75582
GCall_009882	0.14606	0.075016	0.00000	0.000000	694	0	696	75316
GCall_007835	0.14606	0.075036	0.00000	0.000000	694	0	698	75602
GCall_007113	0.14543	0.074008	0.00000	0.000000	691	0	694	74424
GCfix_007621	0.14522	0.074803	0.00000	0.000000	690	0	694	75256
GCall_010677	0.14522	0.074635	0.00000	0.000000	690	0	696	75504
GCfix_008722	0.14480	0.074412	0.00000	0.000000	688	0	690	74672
GCfix_004361	0.14480	0.074212	0.00000	0.000000	688	0	688	74212
GCfix_003192	0.14480	0.073966	0.00000	0.000000	688	0	690	74226
GCfix_002543	0.14480	0.074164	0.00000	0.000000	688	0	692	74666
GCfix_002669	0.14459	0.074032	0.00000	0.000000	687	0	688	74152
GCall_003292	0.14459	0.073962	0.00000	0.000000	687	0	688	74112
GCfix_010434	0.14437	0.074296	0.00000	0.000000	686	0	688	74596
GCfix_006967	0.14437	0.074124	0.00000	0.000000	686	0	686	74124
GCfix_001904	0.14437	0.074101	0.00000	0.000000	686	0	688	74328
GCfix_001881	0.14353	0.073640	0.00000	0.000000	682	0	684	73908
GCall_011934	0.14353	0.073727	0.00000	0.000000	682	0	688	74484
GCall_006000	0.14353	0.073590	0.00000	0.000000	682	0	684	73858
GCfix_011464	0.14332	0.073921	0.00000	0.000000	681	0	688	74904
GCall_003473	0.14332	0.073658	0.00000	0.000000	681	0	684	74072
GCall_009233	0.14311	0.073690	0.00000	0.000000	680	0	686	74590
GCall_000459	0.14290	0.073358	0.00000	0.000000	679	0	686	74342
GCfix_000939	0.14269	0.073270	0.00000	0.000000	678	0	680	73538
GCall_011702	0.14248	0.072932	0.00000	0.000000	677	0	682	73642
GCfix_006748	0.14227	0.072708	0.00000	0.000000	676	0	678	72940
GCfix_007557	0.14206	0.072918	0.00000	0.000000	675	0	678	73328
GCall_011899	0.14206	0.073019	0.00000	0.000000	675	0	680	73736
GCall_009012	0.14206	0.073195	0.00000	0.000000	675	0	678	73612
GCall_005303	0.14185	0.072905	0.00000	0.000000	674	0	680	73742
GCall_010217	0.14143	0.072845	0.00000	0.000000	672	0	678	73704
GCall_004576	0.14143	0.072861	0.00000	0.000000	672	0	674	73086
GCfix_003924	0.14122	0.072616	0.00000	0.000000	671	0	676	73258
GCfix_003565	0.14101	0.072088	0.00000	0.000000	670	0	674	72548
GCfix_009205	0.14059	0.071920	0.00000	0.000000	668	0	668	71920
GCfix_003352	0.14059	0.072288	0.00000	0.000000	668	0	670	72552
GCfix_001606	0.14059	0.072181	0.00000	0.000000	668	0	672	72712
GCall_011889	0.14059	0.072082	0.00000	0.000000	668	0	670	72382
GCall_003891	0.14059	0.072039	0.00000	0.000000	668	0	674	72788
GCfix_004267	0.14017	0.071780	0.00000	0.000000	666	0	670	72338
GCall_003805	0.13953	0.071590	0.00000	0.000000	663	0	664	71740
GCfix_010586	0.13932	0.071416	0.00000	0.000000	662	0	664	71654
GCfix_003248	0.13932	0.071347	0.00000	0.000000	662	0	666	71842
GCall_009068	0.13932	0.071394	0.00000	0.000000	662	0	666	71954
GCfix_006775	0.13911	0.071430	0.00000	0.000000	661	0	664	71846
GCall_011471	0.13869	0.071240	0.00000	0.000000	659	0	660	71360
GCall_008965	0.13869	0.071359	0.00000	0.000000	659	0	668	72570
GCfix_001936	0.13848	0.070912	0.00000	0.000000	658	0	660	71212
GCall_008358	0.13848	0.070934	0.00000	0.000000	658	0	662	71430
GCall_003813	0.13848	0.071220	0.00000	0.000000	658	0	662	71778
GCfix_011057	0.13785	0.070663	0.00000	0.000000	655	0	660	71380
GCfix_002954	0.13785	0.070773	0.00000	0.000000	655	0	656	70892
GCfix_001049	0.13785	0.070650	0.00000	0.000000	655	0	664	71890
GCall_011315	0.13764	0.070610	0.00000	0.000000	654	0	656	70910
GCall_009723	0.13764	0.070832	0.00000	0.000000	654	0	658	71432
GCall_005676	0.13743	0.070556	0.00000	0.000000	653	0	656	70972
GCfix_009494	0.13722	0.070365	0.00000	0.000000	652	0	658	71160
GCfix_007757	0.13722	0.070170	0.00000	0.000000	652	0	656	70770
GCfix_004928	0.13722	0.070248	0.00000	0.000000	652	0	656	70848
GCfix_000710	0.13722	0.070070	0.00000	0.000000	652	0	654	70330
GCfix_003995	0.13701	0.070812	0.00000	0.000000	651	0	656	71498
GCall_010777	0.13701	0.070209	0.00000	0.000000	651	0	654	70584
GCfix_007492	0.13680	0.070502	0.00000	0.000000	650	0	654	71062
GCfix_009199	0.13659	0.070113	0.00000	0.000000	649	0	650	70230
GCall_005126	0.13659	0.069934	0.00000	0.000000	649	0	650	70084
GCfix_008668	0.13596	0.069954	0.00000	0.000000	646	0	650	70554
GCall_011151	0.13575	0.069826	0.00000	0.000000	645	0	646	69946
GCfix_008180	0.13554	0.069635	0.00000	0.000000	644	0	648	70132
GCfix_004038	0.13554	0.069619	0.00000	0.000000	644	0	648	70084
GCfix_009390	0.13533	0.069584	0.00000	0.000000	643	0	646	70000
GCall_007808	0.13511	0.069290	0.00000	0.000000	642	0	644	69508
GCfix_007959	0.13490	0.069008	0.00000	0.000000	641	0	644	69388
GCall_010069	0.13490	0.069152	0.00000	0.000000	641	0	644	69602
GCall_007574	0.13490	0.069216	0.00000	0.000000	641	0	642	69342
GCall_006279	0.13469	0.069345	0.00000	0.000000	640	0	648	70480
GCfix_002595	0.13448	0.069172	0.00000	0.000000	639	0	642	69550
GCall_011452	0.13448	0.069456	0.00000	0.000000	639	0	644	70206
GCfix_011050	0.13385	0.068797	0.00000	0.000000	636	0	642	69664
GCfix_007744	0.13385	0.068752	0.00000	0.000000	636	0	640	69256
GCfix_005219	0.13385	0.068800	0.00000	0.000000	636	0	640	69328
GCall_009088	0.13364	0.068633	0.00000	0.000000	635	0	638	69008
GCall_007045	0.13364	0.068498	0.00000	0.000000	635	0	638	68840
GCall_011298	0.13343	0.068472	0.00000	0.000000	634	0	636	68742
GCall_005804	0.13343	0.068432	0.00000	0.000000	634	0	636	68732
GCfix_011351	0.13322	0.068497	0.00000	0.000000	633	0	634	68614
GCfix_005371	0.13322	0.068572	0.00000	0.000000	633	0	638	69188
GCfix_009292	0.13301	0.068313	0.00000	0.000000	632	0	642	69782
GCfix_011247	0.13280	0.068230	0.00000	0.000000	631	0	634	68638
GCfix_002912	0.13280	0.068214	0.00000	0.000000	631	0	634	68542
GCall_003696	0.13280	0.067988	0.00000	0.000000	631	0	636	68664
GCall_001493	0.13280	0.068010	0.00000	0.000000	631	0	634	68460
GCall_000632	0.13280	0.068220	0.00000	0.000000	631	0	634	68598
GCfix_009804	0.13259	0.068330	0.00000	0.000000	630	0	632	68588
GCall_004494	0.13217	0.067876	0.00000	0.000000	628	0	630	68176
GCall_010899	0.13196	0.067800	0.00000	0.000000	627	0	632	68436
GCall_000860	0.13196	0.068224	0.00000	0.000000	627	0	630	68642
GCfix_006490	0.13175	0.067565	0.00000	0.000000	626	0	630	68100
GCfix_011533	0.13154	0.066700	0.00000	0.000000	625	0	626	66850
GCall_006718	0.13154	0.066922	0.00000	0.000000	625	0	628	67288
GCfix_009153	0.13133	0.067231	0.00000	0.000000	624	0	628	67734
GCall_010649	0.13112	0.067162	0.00000	0.000000	623	0	626	67540
GCall_006477	0.13112	0.067117	0.00000	0.000000	623	0	628	67694
GCall_001978	0.13112	0.067016	0.00000	0.000000	623	0	624	67166
GCfix_009792	0.13091	0.067318	0.00000	0.000000	622	0	624	67584
GCall_011701	0.13070	0.067118	0.00000	0.000000	621	0	622	67268
GCfix_010331	0.13048	0.067082	0.00000	0.000000	620	0	622	67382
GCfix_001010	0.13048	0.066948	0.00000	0.000000	620	0	624	67468
GCfix_005815	0.13006	0.066594	0.00000	0.000000	618	0	620	66894
GCfix_005481	0.13006	0.066684	0.00000	0.000000	618	0	618	66684
GCfix_002162	0.13006	0.066859	0.00000	0.000000	618	0	620	67044
GCfix_001681	0.13006	0.066536	0.00000	0.000000	618	0	620	66836
GCall_009627	0.12985	0.066508	0.00000	0.000000	617	0	618	66658
GCall_006861	0.12985	0.066568	0.00000	0.000000	617	0	618	66718
GCall_004981	0.12985	0.066674	0.00000	0.000000	617	0	620	67090
GCfix_003832	0.12964	0.066558	0.00000	0.000000	616	0	620	67050
GCall_009055	0.12964	0.066258	0.00000	0.000000	616	0	618	66558
GCall_004965	0.12964	0.066889	0.00000	0.000000	616	0	622	67756
GCfix_002051	0.12943	0.066384	0.00000	0.000000	615	0	616	66534
GCall_009388	0.12943	0.066718	0.00000	0.000000	615	0	620	67468
GCall_000011	0.12943	0.066315	0.00000	0.000000	615	0	620	66920
GCfix_007755	0.12922	0.066132	0.00000	0.000000	614	0	618	66602
GCall_002038	0.12901	0.066283	0.00000	0.000000	613	0	614	66400
GCfix_003501	0.12880	0.066274	0.00000	0.000000	612	0	616	66774
GCfix_003237	0.12838	0.066154	0.00000	0.000000	610	0	618	67318
GCall_005538	0.12838	0.065705	0.00000	0.000000	610	0	613	66155
GCall_000610	0.12838	0.066108	0.00000	0.000000	610	0	612	66408
GCall_011180	0.12817	0.065880	0.00000	0.000000	609	0	614	66572
GCall_001878	0.12817	0.066050	0.00000	0.000000	609	0	614	66700
GCall_002013	0.12796	0.065668	0.00000	0.000000	608	0	610	65968
GCfix_007429	0.12775	0.065438	0.00000	0.000000	607	0	608	65588
GCfix_004364	0.12670	0.064754	0.00000	0.000000	602	0	602	64754
GCfix_009980	0.12649	0.064942	0.00000	0.000000	601	0	604	65392
GCfix_010762	0.12628	0.064681	0.00000	0.000000	600	0	604	65122
GCall_004085	0.12628	0.064752	0.00000	0.000000	600	0	602	65006
GCall_003916	0.12628	0.064737	0.00000	0.000000	600	0	604	65292
GCfix_006872	0.12606	0.064953	0.00000	0.000000	599	0	600	65076
GCall_010923	0.12606	0.064677	0.00000	0.000000	599	0	600	64792
GCall_000414	0.12585	0.064734	0.00000	0.000000	598	0	602	65292
GCfix_010986	0.12564	0.064526	0.00000	0.000000	597	0	600	64880
GCall_001865	0.12564	0.064548	0.00000	0.000000	597	0	598	64664
GCall_010158	0.12543	0.064583	0.00000	0.000000	596	0	602	65384
GCfix_011522	0.12522	0.064332	0.00000	0.000000	595	0	598	64708
GCfix_001675	0.12501	0.063934	0.00000	0.000000	594	0	596	64204
GCall_005771	0.12501	0.064258	0.00000	0.000000	594	0	596	64526
GCfix_002105	0.12459	0.063810	0.00000	0.000000	592	0	594	64110
GCfix_011225	0.12438	0.064226	0.00000	0.000000	591	0	598	65242
GCfix_007239	0.12417	0.063616	0.00000	0.000000	590	0	594	64134
GCfix_003351	0.12417	0.063342	0.00000	0.000000	590	0	590	63342
GCfix_005653	0.12396	0.063864	0.00000	0.000000	589	0	590	64014
GCfix_005031	0.12396	0.063934	0.00000	0.000000	589	0	590	64084
GCfix_007034	0.12375	0.063986	0.00000	0.000000	588	0	588	63986
GCall_004125	0.12333	0.063552	0.00000	0.000000	586	0	594	64718
GCall_002499	0.12333	0.063460	0.00000	0.000000	586	0	588	63760
GCfix_009764	0.12291	0.062920	0.00000	0.000000	584	0	586	63220
GCall_003354	0.12291	0.062922	0.00000	0.000000	584	0	586	63222
GCfix_006194	0.12270	0.063047	0.00000	0.000000	583	0	584	63158
GCall_004995	0.12270	0.062722	0.00000	0.000000	583	0	584	62836
GCall_003902	0.12270	0.062846	0.00000	0.000000	583	0	586	63262
GCall_003379	0.12270	0.063538	0.00000	0.000000	583	0	588	64206
GCfix_008163	0.12249	0.062886	0.00000	0.000000	582	0	584	63186
GCfix_007692	0.12228	0.062627	0.00000	0.000000	581	0	584	63012
GCall_002405	0.12207	0.063059	0.00000	0.000000	580	0	584	63560
GCfix_001486	0.12186	0.062956	0.00000	0.000000	579	0	580	63106
GCfix_003384	0.12165	0.062566	0.00000	0.000000	578	0	580	62866
GCall_000021	0.12101	0.062036	0.00000	0.000000	575	0	576	62186
GCall_008719	0.12080	0.061946	0.00000	0.000000	574	0	576	62214
GCall_000608	0.12080	0.062506	0.00000	0.000000	574	0	576	62764
GCfix_009682	0.12059	0.061924	0.00000	0.000000	573	0	576	62308
GCfix_006841	0.12059	0.061532	0.00000	0.000000	573	0	574	61682
GCall_004468	0.12059	0.061562	0.00000	0.000000	573	0	578	62312
GCall_003265	0.12059	0.061840	0.00000	0.000000	573	0	576	62142
GCall_003773	0.12038	0.061717	0.00000	0.000000	572	0	574	61984
GCfix_008712	0.12017	0.061567	0.00000	0.000000	571	0	576	62212
GCfix_005127	0.12017	0.061670	0.00000	0.000000	571	0	574	62120
GCfix_001195	0.12017	0.061710	0.00000	0.000000	571	0	574	62160
GCall_010215	0.11996	0.061594	0.00000	0.000000	570	0	574	62152
GCfix_008095	0.11975	0.061066	0.00000	0.000000	569	0	570	61216
GCall_003795	0.11975	0.061574	0.00000	0.000000	569	0	572	61992
GCfix_001746	0.11954	0.061413	0.00000	0.000000	568	0	572	61982
GCfix_010025	0.11933	0.061242	0.00000	0.000000	567	0	572	61922
GCall_011744	0.11933	0.061348	0.00000	0.000000	567	0	572	62020
GCfix_003906	0.11912	0.061680	0.00000	0.000000	566	0	570	62244
GCall_008607	0.11891	0.060794	0.00000	0.000000	565	0	568	61244
GCfix_009774	0.11828	0.060920	0.00000	0.000000	562	0	566	61520
GCfix_002838	0.11807	0.060406	0.00000	0.000000	561	0	566	61060
GCall_003551	0.11807	0.060464	0.00000	0.000000	561	0	564	60914
GCfix_010075	0.11786	0.060158	0.00000	0.000000	560	0	564	60724
GCall_006565	0.11786	0.060681	0.00000	0.000000	560	0	562	60904
GCfix_007615	0.11765	0.060346	0.00000	0.000000	559	0	560	60496
GCall_004876	0.11765	0.060694	0.00000	0.000000	559	0	562	61144
GCall_011201	0.11723	0.060273	0.00000	0.000000	557	0	560	60684
GCall_007067	0.11723	0.060162	0.00000	0.000000	557	0	562	60846
GCall_004726	0.11702	0.060344	0.00000	0.000000	556	0	562	61058
GCall_004208	0.11702	0.060148	0.00000	0.000000	556	0	558	60406
GCall_004014	0.11702	0.059889	0.00000	0.000000	556	0	560	60362
GCfix_010500	0.11680	0.059952	0.00000	0.000000	555	0	558	60328
GCfix_006035	0.11680	0.059793	0.00000	0.000000	555	0	558	60174
GCall_004776	0.11680	0.060026	0.00000	0.000000	555	0	556	60176
GCfix_006254	0.11659	0.059882	0.00000	0.000000	554	0	556	60142
GCfix_002122	0.11659	0.060170	0.00000	0.000000	554	0	554	60170
GCall_007497	0.11659	0.059936	0.00000	0.000000	554	0	556	60236
GCfix_003433	0.11638	0.059484	0.00000	0.000000	553	0	554	59634
GCall_009948	0.11638	0.059751	0.00000	0.000000	553	0	554	59868
GCfix_007942	0.11617	0.059482	0.00000	0.000000	552	0	552	59482
GCall_000466	0.11596	0.059532	0.00000	0.000000	551	0	554	59982
GCfix_009534	0.11575	0.059564	0.00000	0.000000	550	0	554	60128
GCfix_009277	0.11575	0.059310	0.00000	0.000000	550	0	552	59580
GCall_008298	0.11533	0.059220	0.00000	0.000000	548	0	552	59788
GCfix_001298	0.11512	0.058940	0.00000	0.000000	547	0	550	59322
GCall_002094	0.11491	0.058506	0.00000	0.000000	546	0	548	58774
GCfix_003459	0.11449	0.058941	0.00000	0.000000	544	0	548	59470
GCall_003424	0.11449	0.058879	0.00000	0.000000	544	0	546	59108
GCall_002196	0.11449	0.058483	0.00000	0.000000	544	0	548	59056
GCall_008285	0.11428	0.058752	0.00000	0.000000	543	0	546	59166
GCfix_002881	0.11407	0.058380	0.00000	0.000000	542	0	542	58380
GCfix_003573	0.11386	0.058496	0.00000	0.000000	541	0	542	58646
GCfix_001630	0.11365	0.058264	0.00000	0.000000	540	0	544	58864
GCall_010756	0.11365	0.058313	0.00000	0.000000	540	0	542	58548
GCall_006349	0.11323	0.058437	0.00000	0.000000	538	0	544	59296
GCall_010012	0.11302	0.058043	0.00000	0.000000	537	0	540	58460
GCall_004213	0.11281	0.057910	0.00000	0.000000	536	0	536	57910
GCall_008351	0.11260	0.057630	0.00000	0.000000	535	0	536	57780
GCall_007462	0.11260	0.057186	0.00000	0.000000	535	0	536	57336
GCfix_004354	0.11239	0.057847	0.00000	0.000000	534	0	536	58114
GCall_004061	0.11239	0.057788	0.00000	0.000000	534	0	538	58352
GCfix_008258	0.11217	0.057717	0.00000	0.000000	533	0	538	58352
GCfix_005996	0.11217	0.057568	0.00000	0.000000	533	0	536	57918
GCfix_004351	0.11196	0.057690	0.00000	0.000000	532	0	536	58290
GCfix_001594	0.11196	0.057460	0.00000	0.000000	532	0	534	57760
GCall_005327	0.11175	0.057276	0.00000	0.000000	531	0	534	57630
GCfix_008718	0.11154	0.057172	0.00000	0.000000	530	0	532	57472
GCfix_009017	0.11112	0.057529	0.00000	0.000000	528	0	532	58062
GCfix_006854	0.11112	0.056886	0.00000	0.000000	528	0	532	57330
GCfix_003910	0.11091	0.056938	0.00000	0.000000	527	0	530	57356
GCall_003089	0.11091	0.056852	0.00000	0.000000	527	0	528	57002
GCfix_009840	0.11070	0.056862	0.00000	0.000000	526	0	526	56862
GCfix_008379	0.11070	0.056677	0.00000	0.000000	526	0	530	57212
GCall_008650	0.11070	0.056761	0.00000	0.000000	526	0	527	56875
GCfix_006749	0.11028	0.056337	0.00000	0.000000	524	0	528	56868
GCall_004840	0.11028	0.056799	0.00000	0.000000	524	0	526	57068
GCfix_011770	0.10986	0.056369	0.00000	0.000000	522	0	524	56586
GCfix_003530	0.10986	0.056047	0.00000	0.000000	522	0	526	56588
GCall_011248	0.10986	0.056544	0.00000	0.000000	522	0	526	57104
GCall_001046	0.10986	0.056456	0.00000	0.000000	522	0	522	56456
GCfix_005829	0.10944	0.056134	0.00000	0.000000	520	0	522	56434
GCfix_002479	0.10944	0.056292	0.00000	0.000000	520	0	522	56592
GCall_000634	0.10944	0.056116	0.00000	0.000000	520	0	520	56116
GCfix_007435	0.10923	0.056266	0.00000	0.000000	519	0	522	56574
GCall_009033	0.10923	0.056300	0.00000	0.000000	519	0	524	57010
GCfix_004814	0.10902	0.056100	0.00000	0.000000	518	0	520	56400
GCfix_002715	0.10902	0.055830	0.00000	0.000000	518	0	522	56298
GCall_011851	0.10860	0.055936	0.00000	0.000000	516	0	518	56236
GCfix_007482	0.10818	0.055420	0.00000	0.000000	514	0	516	55678
GCfix_001380	0.10818	0.055391	0.00000	0.000000	514	0	518	55894
GCall_001903	0.10797	0.055474	0.00000	0.000000	513	0	514	55598
GCall_005051	0.10775	0.055078	0.00000	0.000000	512	0	518	55872
GCfix_001424	0.10733	0.055313	0.00000	0.000000	510	0	512	55578
GCall_009905	0.10712	0.055064	0.00000	0.000000	509	0	509	55064
GCall_009600	0.10712	0.055049	0.00000	0.000000	509	0	514	55676
GCall_008522	0.10712	0.055366	0.00000	0.000000	509	0	510	55516
GCfix_003779	0.10670	0.054544	0.00000	0.000000	507	0	508	54694
GCall_006055	0.10670	0.054508	0.00000	0.000000	507	0	510	54834
GCall_009976	0.10649	0.054963	0.00000	0.000000	506	0	512	55830
GCall_001433	0.10649	0.054577	0.00000	0.000000	506	0	510	55144
GCfix_007512	0.10565	0.053970	0.00000	0.000000	502	0	506	54494
GCall_003487	0.10565	0.054228	0.00000	0.000000	502	0	510	55318
GCfix_010820	0.10544	0.054134	0.00000	0.000000	501	0	504	54480
GCall_001164	0.10544	0.053567	0.00000	0.000000	501	0	502	53676
GCfix_006001	0.10523	0.053674	0.00000	0.000000	500	0	500	53674
GCfix_011817	0.10502	0.054028	0.00000	0.000000	499	0	500	54138
GCall_003213	0.10502	0.053804	0.00000	0.000000	499	0	504	54488
GCfix_007726	0.10481	0.053744	0.00000	0.000000	498	0	502	54270
GCall_008397	0.10439	0.053746	0.00000	0.000000	496	0	500	54346
GCall_002470	0.10397	0.053141	0.00000	0.000000	494	0	498	53644
GCfix_008380	0.10376	0.053260	0.00000	0.000000	493	0	494	53410
GCall_011936	0.10376	0.053088	0.00000	0.000000	493	0	494	53238
GCfix_006033	0.10334	0.052940	0.00000	0.000000	491	0	494	53272
GCfix_000328	0.10291	0.049602	0.00000	0.000000	489	0	492	49940
GCfix_007545	0.10249	0.052703	0.00000	0.000000	487	0	490	53122
GCfix_000633	0.10249	0.052484	0.00000	0.000000	487	0	488	52634
GCall_001390	0.10249	0.052842	0.00000	0.000000	487	0	488	52992
GCfix_007286	0.10228	0.052141	0.00000	0.000000	486	0	490	52518
GCall_006949	0.10207	0.052446	0.00000	0.000000	485	0	486	52564
GCall_008633	0.10186	0.052064	0.00000	0.000000	484	0	484	52064
GCall_004037	0.10165	0.051948	0.00000	0.000000	483	0	484	52062
GCall_010694	0.10144	0.052154	0.00000	0.000000	482	0	482	52154
GCall_003628	0.10123	0.051912	0.00000	0.000000	481	0	482	52028
GCall_008840	0.10018	0.051874	0.00000	0.000000	476	0	480	52434
GCall_009169	0.09997	0.051483	0.00000	0.000000	475	0	476	51592
GCall_002135	0.09997	0.051270	0.00000	0.000000	475	0	476	51420
GCall_000303	0.09934	0.051017	0.00000	0.000000	472	0	474	51284
GCfix_007930	0.09892	0.050522	0.00000	0.000000	470	0	470	50522
GCfix_003389	0.09892	0.050730	0.00000	0.000000	470	0	474	51256
GCall_010153	0.09871	0.050312	0.00000	0.000000	469	0	470	50428
GCfix_004079	0.09849	0.050422	0.00000	0.000000	468	0	468	50422
GCfix_001349	0.09807	0.050352	0.00000	0.000000	466	0	468	50610
GCall_000675	0.09786	0.050422	0.00000	0.000000	465	0	466	50572
GCfix_010314	0.09765	0.050184	0.00000	0.000000	464	0	464	50184
GCall_007076	0.09765	0.050130	0.00000	0.000000	464	0	464	50130
GCall_007257	0.09723	0.049818	0.00000	0.000000	462	0	462	49818
GCfix_004724	0.09681	0.049520	0.00000	0.000000	460	0	462	49820
GCall_009688	0.09681	0.049737	0.00000	0.000000	460	0	462	49996
GCfix_001921	0.09639	0.049608	0.00000	0.000000	458	0	460	49872
GCfix_001301	0.09576	0.049153	0.00000	0.000000	455	0	458	49528
GCall_009888	0.09555	0.049148	0.00000	0.000000	454	0	454	49148
GCfix_000485	0.09534	0.048904	0.00000	0.000000	453	0	456	49354
GCall_000024	0.09534	0.049015	0.00000	0.000000	453	0	456	49434
GCfix_001825	0.09513	0.049310	0.00000	0.000000	452	0	454	49610
GCfix_000122	0.09513	0.048854	0.00000	0.000000	452	0	456	49424
GCall_010527	0.09450	0.048304	0.00000	0.000000	449	0	450	48454
GCfix_002975	0.09386	0.048213	0.00000	0.000000	446	0	448	48472
GCfix_008799	0.09323	0.047933	0.00000	0.000000	443	0	448	48618
GCfix_009466	0.09218	0.047164	0.00000	0.000000	438	0	438	47164
GCall_009612	0.09218	0.047544	0.00000	0.000000	438	0	440	47814
GCfix_002612	0.09197	0.047256	0.00000	0.000000	437	0	438	47406
GCall_009881	0.09176	0.047195	0.00000	0.000000	436	0	440	47680
GCfix_001855	0.09134	0.046681	0.00000	0.000000	434	0	436	46954
GCall_007142	0.09134	0.046934	0.00000	0.000000	434	0	440	47740
GCfix_010919	0.09113	0.046650	0.00000	0.000000	433	0	434	46760
GCfix_009230	0.09050	0.046321	0.00000	0.000000	430	0	432	46596
GCall_007752	0.09029	0.046214	0.00000	0.000000	429	0	432	46632
GCfix_009000	0.08902	0.045776	0.00000	0.000000	423	0	424	45926
GCall_007967	0.08860	0.045418	0.00000	0.000000	421	0	424	45758
GCall_003527	0.08839	0.045248	0.00000	0.000000	420	0	422	45508
GCall_000900	0.08839	0.045610	0.00000	0.000000	420	0	424	46210
GCall_005171	0.08818	0.045282	0.00000	0.000000	419	0	420	45400
GCall_010100	0.08776	0.045096	0.00000	0.000000	417	0	420	45512
GCfix_009530	0.08734	0.044702	0.00000	0.000000	415	0	422	45720
GCall_011148	0.08713	0.044690	0.00000	0.000000	414	0	414	44690
GCall_002343	0.08692	0.044446	0.00000	0.000000	413	0	416	44862
GCfix_011289	0.08671	0.044398	0.00000	0.000000	412	0	414	44656
GCfix_008205	0.08671	0.044274	0.00000	0.000000	412	0	412	44274
GCall_001613	0.08650	0.044636	0.00000	0.000000	411	0	414	45086
GCall_008869	0.08629	0.044304	0.00000	0.000000	410	0	414	44904
GCfix_000310	0.08608	0.044162	0.00000	0.000000	409	0	410	44312
GCall_010616	0.08587	0.043867	0.00000	0.000000	408	0	410	44102
GCfix_008946	0.08503	0.043408	0.00000	0.000000	404	0	408	44008
GCfix_007895	0.08460	0.043533	0.00000	0.000000	402	0	404	43802
GCall_005173	0.08460	0.043098	0.00000	0.000000	402	0	404	43368
GCall_007245	0.08397	0.042804	0.00000	0.000000	399	0	400	42954
GCall_006580	0.08397	0.043038	0.00000	0.000000	399	0	402	43422
GCfix_000494	0.08271	0.042494	0.00000	0.000000	393	0	396	42918
GCfix_010239	0.08166	0.041685	0.00000	0.000000	388	0	390	41952
GCall_008705	0.08166	0.041804	0.00000	0.000000	388	0	388	41804
GCall_001646	0.08061	0.041820	0.00000	0.000000	383	0	386	42202
GCall_001445	0.08061	0.041384	0.00000	0.000000	383	0	384	41534
GCfix_002692	0.08040	0.041318	0.00000	0.000000	382	0	384	41618
GCfix_006164	0.07997	0.041091	0.00000	0.000000	380	0	382	41358
GCfix_010822	0.07913	0.040576	0.00000	0.000000	376	0	378	40836
GCall_008239	0.07703	0.039594	0.00000	0.000000	366	0	368	39894
GCall_002015	0.07682	0.039302	0.00000	0.000000	365	0	366	39452
GCfix_009836	0.07619	0.039234	0.00000	0.000000	362	0	366	39800
GCfix_009109	0.07619	0.039078	0.00000	0.000000	362	0	364	39344
GCall_010980	0.07366	0.037776	0.00000	0.000000	350	0	354	38336
GCfix_000986	0.07240	0.037154	0.00000	0.000000	344	0	344	37154
GCfix_008415	0.07008	0.036232	0.00000	0.000000	333	0	336	36640
GCall_005302	0.06882	0.035202	0.00000	0.000000	327	0	328	35312
GCall_010726	0.06524	0.033452	0.00000	0.000000	310	0	312	33752
GCfix_006950	0.06440	0.032860	0.00000	0.000000	306	0	306	32860
GCall_008616	0.06419	0.033010	0.00000	0.000000	305	0	306	33160
GCall_011139	0.06377	0.032736	0.00000	0.000000	303	0	304	32886
GCall_000918	0.06230	0.032148	0.00000	0.000000	296	0	296	32148
GCfix_001579	0.05914	0.033268	0.00000	0.000000	281	0	334	41218
GCall_004607	0.05851	0.029952	0.00000	0.000000	278	0	278	29952
GCall_001837	0.05830	0.029978	0.00000	0.000000	277	0	278	30128
GCall_007775	0.05724	0.029280	0.00000	0.000000	272	0	274	29580
GCfix_001888	0.05577	0.028322	0.00000	0.000000	265	0	266	28472
GCfix_006488	0.05346	0.028192	0.00000	0.000000	254	0	256	28492
GCfix_004684	0.05304	0.027296	0.00000	0.000000	252	0	252	27296
GCall_001761	0.05072	0.026018	0.00000	0.000000	241	0	244	26392
GCall_011761	0.04967	0.025384	0.00000	0.000000	236	0	236	25384
GCfix_008283	0.04862	0.025014	0.00000	0.000000	231	0	232	25132
GCall_005098	0.04672	0.023888	0.00000	0.000000	222	0	224	24188
GCall_011555	0.04588	0.023402	0.00000	0.000000	218	0	218	23402
GCall_001437	0.04314	0.022056	0.00000	0.000000	205	0	206	22206
GCfix_000765	0.04209	0.021556	0.00000	0.000000	200	0	200	21556
GCall_008713	0.04062	0.020948	0.00000	0.000000	193	0	194	21098
GCfix_006125	0.04041	0.020718	0.00000	0.000000	192	0	192	20718
GCall_005495	0.04041	0.020735	0.00000	0.000000	192	0	194	21006
GCfix_003174	0.03936	0.020137	0.00000	0.000000	187	0	188	20254
GCall_009466	0.03578	0.018282	0.00000	0.000000	170	0	170	18282
GCfix_007293	0.03494	0.017956	0.00000	0.000000	166	0	166	17956
GCfix_008175	0.03473	0.017838	0.00000	0.000000	165	0	166	17988
GCfix_006932	0.03430	0.017637	0.00000	0.000000	163	0	166	18014
GCall_005506	0.03367	0.017128	0.00000	0.000000	160	0	160	17128
GCfix_005295	0.03325	0.017124	0.00000	0.000000	158	0	158	17124
GCall_005365	0.03283	0.016867	0.00000	0.000000	156	0	158	17134
GCfix_000069	0.03220	0.016656	0.00000	0.000000	153	0	154	16772
GCall_011209	0.03073	0.015778	0.00000	0.000000	146	0	146	15778
GCfix_007100	0.03052	0.015681	0.00000	0.000000	145	0	146	15756
GCall_000907	0.02989	0.015112	0.00000	0.000000	142	0	142	15112
GCfix_008612	0.02967	0.015218	0.00000	0.000000	141	0	142	15368
GCall_002336	0.02967	0.015390	0.00000	0.000000	141	0	142	15540
GCall_002611	0.02904	0.014982	0.00000	0.000000	138	0	138	14982
GCall_004556	0.02841	0.014462	0.00000	0.000000	135	0	136	14612
GCall_011691	0.02757	0.014168	0.00000	0.000000	131	0	132	14318
GCfix_007861	0.02736	0.014030	0.00000	0.000000	130	0	130	14030
GCall_003168	0.02715	0.013788	0.00000	0.000000	129	0	130	13908
GCfix_009551	0.02694	0.013839	0.00000	0.000000	128	0	130	14114
GCfix_008688	0.02673	0.011238	0.00000	0.000000	127	0	128	11354
GCfix_009409	0.02652	0.013652	0.00000	0.000000	126	0	126	13652
GCfix_005618	0.02652	0.013652	0.00000	0.000000	126	0	126	13652
GCfix_009808	0.02610	0.013368	0.00000	0.000000	124	0	124	13368
GCfix_008239	0.02610	0.013441	0.00000	0.000000	124	0	128	13938
GCall_005623	0.02547	0.012734	0.00000	0.000000	121	0	122	12884
GCall_002020	0.02526	0.012950	0.00000	0.000000	120	0	120	12950
GCall_008851	0.02462	0.012616	0.00000	0.000000	117	0	118	12726
GCfix_010122	0.02441	0.012500	0.00000	0.000000	116	0	116	12500
GCall_002514	0.02441	0.012651	0.00000	0.000000	116	0	118	12926
GCall_000894	0.02441	0.012338	0.00000	0.000000	116	0	116	12338
GCfix_005658	0.02399	0.012222	0.00000	0.000000	114	0	114	12222
GCfix_011680	0.02378	0.012196	0.00000	0.000000	113	0	114	12316
GCall_008141	0.02336	0.011984	0.00000	0.000000	111	0	112	12092
GCfix_006716	0.02315	0.011952	0.00000	0.000000	110	0	110	11952
GCall_010909	0.02315	0.011748	0.00000	0.000000	110	0	110	11748
GCall_000946	0.02315	0.011850	0.00000	0.000000	110	0	110	11850
GCfix_008161	0.02273	0.011650	0.00000	0.000000	108	0	108	11650
GCfix_008792	0.02231	0.011438	0.00000	0.000000	106	0	106	11438
GCfix_007858	0.02189	0.011286	0.00000	0.000000	104	0	104	11286
GCall_005091	0.02189	0.011126	0.00000	0.000000	104	0	104	11126
GCall_000752	0.02147	0.010930	0.00000	0.000000	102	0	102	10930
GCfix_011381	0.02105	0.010736	0.00000	0.000000	100	0	100	10736
GCall_006946	0.02084	0.010742	0.00000	0.000000	99	0	100	10892
GCall_004934	0.02062	0.010469	0.00000	0.000000	98	0	100	10736
GCall_004855	0.02062	0.010510	0.00000	0.000000	98	0	98	10510
GCfix_002651	0.02041	0.010386	0.00000	0.000000	97	0	98	10536
GCall_003537	0.02020	0.010334	0.00000	0.000000	96	0	96	10334
GCfix_009368	0.01999	0.010258	0.00000	0.000000	95	0	96	10378
GCall_003530	0.01999	0.010524	0.00000	0.000000	95	0	96	10674
GCall_006696	0.01978	0.010086	0.00000	0.000000	94	0	94	10086
GCfix_007432	0.01957	0.010274	0.00000	0.000000	93	0	98	10962
GCall_007634	0.01957	0.010122	0.00000	0.000000	93	0	94	10232
GCall_003266	0.01957	0.010074	0.00000	0.000000	93	0	94	10224
GCall_007852	0.01936	0.009926	0.00000	0.000000	92	0	92	9926
GCall_002381	0.01936	0.009930	0.00000	0.000000	92	0	92	9930
GCall_006623	0.01915	0.009856	0.00000	0.000000	91	0	92	10006
GCall_009907	0.01873	0.009425	0.00000	0.000000	89	0	90	9540
GCall_008864	0.01852	0.009365	0.00000	0.000000	88	0	90	9596
GCall_000166	0.01831	0.009474	0.00000	0.000000	87	0	90	9882
GCfix_007366	0.01810	0.009114	0.00000	0.000000	86	0	86	9114
GCfix_005470	0.01810	0.009226	0.00000	0.000000	86	0	86	9226
GCall_003881	0.01810	0.009156	0.00000	0.000000	86	0	86	9156
GCall_003109	0.01789	0.009227	0.00000	0.000000	85	0	88	9606
GCfix_001331	0.01768	0.009140	0.00000	0.000000	84	0	84	9140
GCall_010523	0.01768	0.009046	0.00000	0.000000	84	0	84	9046
GCfix_006691	0.01726	0.008881	0.00000	0.000000	82	0	84	9150
GCall_009697	0.01705	0.008846	0.00000	0.000000	81	0	82	8996
GCall_008580	0.01684	0.008708	0.00000	0.000000	80	0	82	9008
GCfix_009200	0.01663	0.008566	0.00000	0.000000	79	0	80	8716
GCfix_003447	0.01663	0.008566	0.00000	0.000000	79	0	80	8716
GCall_002734	0.01642	0.008416	0.00000	0.000000	78	0	78	8416
GCfix_009246	0.01621	0.008304	0.00000	0.000000	77	0	78	8454
GCall_006778	0.01599	0.008120	0.00000	0.000000	76	0	76	8120
GCfix_002865	0.01557	0.007974	0.00000	0.000000	74	0	74	7974
GCall_000727	0.01536	0.007302	0.00000	0.000000	73	0	74	7452
GCfix_003478	0.01494	0.007538	0.00000	0.000000	71	0	72	7688
GCall_008253	0.01494	0.007616	0.00000	0.000000	71	0	72	7766
GCall_002169	0.01473	0.007558	0.00000	0.000000	70	0	70	7558
GCfix_001025	0.01452	0.007254	0.00000	0.000000	69	0	70	7404
GCfix_000982	0.01431	0.007252	0.00000	0.000000	68	0	68	7252
GCfix_000662	0.01431	0.007236	0.00000	0.000000	68	0	68	7236
GCall_007900	0.01431	0.007218	0.00000	0.000000	68	0	68	7218
GCall_003974	0.01389	0.007114	0.00000	0.000000	66	0	66	7114
GCall_010052	0.01347	0.006776	0.00000	0.000000	64	0	64	6776
GCall_006561	0.01326	0.006797	0.00000	0.000000	63	0	64	6914
GCfix_004977	0.01305	0.006860	0.00000	0.000000	62	0	62	6860
GCall_000834	0.01284	0.006176	0.00000	0.000000	61	0	62	6284
GCall_005948	0.01263	0.006474	0.00000	0.000000	60	0	60	6474
GCfix_007241	0.01242	0.006316	0.00000	0.000000	59	0	60	6466
GCfix_002416	0.01221	0.006104	0.00000	0.000000	58	0	58	6104
GCall_006666	0.01221	0.006404	0.00000	0.000000	58	0	58	6404
GCall_001972	0.01221	0.006232	0.00000	0.000000	58	0	58	6232
GCfix_010907	0.01179	0.005972	0.00000	0.000000	56	0	56	5972
GCfix_003977	0.01179	0.006069	0.00000	0.000000	56	0	58	6314
GCall_000703	0.01179	0.006020	0.00000	0.000000	56	0	56	6020
GCall_009395	0.01094	0.005682	0.00000	0.000000	52	0	52	5682
GCall_006291	0.01052	0.005388	0.00000	0.000000	50	0	50	5388
GCfix_007180	0.01010	0.005156	0.00000	0.000000	48	0	48	5156
GCfix_005217	0.01010	0.005302	0.00000	0.000000	48	0	50	5562
GCall_007218	0.01010	0.005184	0.00000	0.000000	48	0	48	5184
GCall_006409	0.01010	0.005084	0.00000	0.000000	48	0	48	5084
GCfix_007821	0.00989	0.005110	0.00000	0.000000	47	0	48	5260
GCall_009163	0.00968	0.004910	0.00000	0.000000	46	0	46	4910
GCall_001408	0.00968	0.004964	0.00000	0.000000	46	0	48	5232
GCall_000558	0.00968	0.004850	0.00000	0.000000	46	0	46	4850
GCfix_010190	0.00947	0.004854	0.00000	0.000000	45	0	46	4964
GCfix_008339	0.00926	0.004734	0.00000	0.000000	44	0	44	4734
GCfix_002314	0.00926	0.004590	0.00000	0.000000	44	0	44	4590
GCfix_001523	0.00926	0.004764	0.00000	0.000000	44	0	44	4764
GCfix_010039	0.00884	0.004276	0.00000	0.000000	42	0	42	4276
GCall_000870	0.00884	0.004454	0.00000	0.000000	42	0	42	4454
GCfix_007818	0.00863	0.004466	0.00000	0.000000	41	0	42	4616
GCall_002957	0.00863	0.004413	0.00000	0.000000	41	0	42	4520
GCfix_007384	0.00842	0.004480	0.00000	0.000000	40	0	42	4780
GCfix_005488	0.00842	0.004166	0.00000	0.000000	40	0	40	4166
GCfix_005482	0.00842	0.004096	0.00000	0.000000	40	0	40	4096
GCfix_002516	0.00842	0.004252	0.00000	0.000000	40	0	40	4252
GCall_009332	0.00842	0.004320	0.00000	0.000000	40	0	40	4320
GCall_008146	0.00842	0.004274	0.00000	0.000000	40	0	40	4274
GCall_007645	0.00842	0.004318	0.00000	0.000000	40	0	40	4318
GCall_005716	0.00842	0.004316	0.00000	0.000000	40	0	40	4316
GCall_002225	0.00842	0.004144	0.00000	0.000000	40	0	40	4144
GCall_004341	0.00821	0.004248	0.00000	0.000000	39	0	40	4398
GCfix_001466	0.00800	0.004122	0.00000	0.000000	38	0	38	4122
GCfix_000501	0.00800	0.004104	0.00000	0.000000	38	0	38	4104
GCfix_000253	0.00779	0.003992	0.00000	0.000000	37	0	38	4102
GCall_003077	0.00779	0.004036	0.00000	0.000000	37	0	38	4186
GCfix_010995	0.00758	0.003882	0.00000	0.000000	36	0	36	3882
GCfix_010076	0.00758	0.003864	0.00000	0.000000	36	0	36	3864
GCfix_010027	0.00758	0.003882	0.00000	0.000000	36	0	36	3882
GCfix_004325	0.00758	0.003888	0.00000	0.000000	36	0	36	3888
GCall_011111	0.00758	0.003882	0.00000	0.000000	36	0	36	3882
GCall_010929	0.00758	0.003886	0.00000	0.000000	36	0	36	3886
GCall_002046	0.00758	0.003676	0.00000	0.000000	36	0	36	3676
GCfix_011795	0.00716	0.003666	0.00000	0.000000	34	0	34	3666
GCfix_007078	0.00716	0.003668	0.00000	0.000000	34	0	34	3668
GCall_005896	0.00716	0.003630	0.00000	0.000000	34	0	34	3630
GCall_004890	0.00716	0.003516	0.00000	0.000000	34	0	34	3516
GCall_001380	0.00716	0.003442	0.00000	0.000000	34	0	34	3442
GCfix_007922	0.00695	0.003594	0.00000	0.000000	33	0	34	3744
GCall_007674	0.00673	0.003272	0.00000	0.000000	32	0	32	3272
GCfix_009515	0.00652	0.003386	0.00000	0.000000	31	0	32	3536
GCfix_006223	0.00652	0.003342	0.00000	0.000000	31	0	32	3452
GCall_003420	0.00652	0.003388	0.00000	0.000000	31	0	32	3538
GCfix_008544	0.00631	0.003280	0.00000	0.000000	30	0	32	3580
GCfix_008425	0.00631	0.003226	0.00000	0.000000	30	0	30	3226
GCfix_001713	0.00610	0.003048	0.00000	0.000000	29	0	30	3198
GCall_010490	0.00610	0.002836	0.00000	0.000000	29	0	30	2952
GCfix_008952	0.00589	0.002752	0.00000	0.000000	28	0	28	2752
GCfix_011629	0.00547	0.002806	0.00000	0.000000	26	0	26	2806
GCfix_009039	0.00547	0.002698	0.00000	0.000000	26	0	26	2698
GCfix_005294	0.00547	0.002706	0.00000	0.000000	26	0	28	3006
GCfix_001845	0.00547	0.002808	0.00000	0.000000	26	0	26	2808
GCfix_011128	0.00526	0.002734	0.00000	0.000000	25	0	26	2884
GCall_000293	0.00526	0.002711	0.00000	0.000000	25	0	26	2828
GCfix_009922	0.00505	0.002592	0.00000	0.000000	24	0	24	2592
GCfix_002463	0.00505	0.002576	0.00000	0.000000	24	0	24	2576
GCall_011257	0.00505	0.002470	0.00000	0.000000	24	0	24	2470
GCall_005618	0.00505	0.002590	0.00000	0.000000	24	0	24	2590
GCall_002565	0.00505	0.002662	0.00000	0.000000	24	0	24	2662
GCall_000765	0.00505	0.002504	0.00000	0.000000	24	0	24	2504
GCfix_010019	0.00463	0.002374	0.00000	0.000000	22	0	22	2374
GCfix_008210	0.00463	0.002376	0.00000	0.000000	22	0	22	2376
GCfix_006284	0.00463	0.002388	0.00000	0.000000	22	0	22	2388
GCfix_002364	0.00463	0.002356	0.00000	0.000000	22	0	22	2356
GCfix_002254	0.00463	0.002268	0.00000	0.000000	22	0	22	2268
GCfix_001327	0.00463	0.002292	0.00000	0.000000	22	0	22	2292
GCall_011987	0.00463	0.002456	0.00000	0.000000	22	0	22	2456
GCall_009970	0.00463	0.002156	0.00000	0.000000	22	0	22	2156
GCall_005641	0.00463	0.002404	0.00000	0.000000	22	0	22	2404
GCall_002159	0.00463	0.002272	0.00000	0.000000	22	0	22	2272
GCall_001158	0.00463	0.002248	0.00000	0.000000	22	0	22	2248
GCfix_008279	0.00421	0.002010	0.00000	0.000000	20	0	20	2010
GCfix_004846	0.00421	0.002090	0.00000	0.000000	20	0	20	2090
GCall_009637	0.00400	0.002090	0.00000	0.000000	19	0	20	2240
GCfix_008301	0.00379	0.001240	0.00000	0.000000	18	0	18	1240
GCfix_008068	0.00379	0.001936	0.00000	0.000000	18	0	18	1936
GCfix_001959	0.00379	0.001928	0.00000	0.000000	18	0	18	1928
GCall_008392	0.00379	0.002018	0.00000	0.000000	18	0	18	2018
GCall_006679	0.00379	0.001936	0.00000	0.000000	18	0	18	1936
GCall_006569	0.00379	0.001892	0.00000	0.000000	18	0	18	1892
GCall_003959	0.00379	0.001764	0.00000	0.000000	18	0	18	1764
GCall_002345	0.00379	0.001888	0.00000	0.000000	18	0	18	1888
GCfix_000468	0.00358	0.001693	0.00000	0.000000	17	0	18	1768
GCfix_011090	0.00337	0.001722	0.00000	0.000000	16	0	16	1722
GCfix_010952	0.00337	0.001680	0.00000	0.000000	16	0	16	1680
GCfix_008322	0.00337	0.001716	0.00000	0.000000	16	0	16	1716
GCfix_004141	0.00337	0.001724	0.00000	0.000000	16	0	16	1724
GCfix_003707	0.00337	0.001642	0.00000	0.000000	16	0	16	1642
GCfix_002913	0.00337	0.001728	0.00000	0.000000	16	0	16	1728
GCall_011896	0.00337	0.001666	0.00000	0.000000	16	0	16	1666
GCall_006793	0.00337	0.001724	0.00000	0.000000	16	0	16	1724
GCall_002500	0.00337	0.001726	0.00000	0.000000	16	0	16	1726
GCall_000431	0.00337	0.001696	0.00000	0.000000	16	0	16	1696
GCfix_010181	0.00316	0.001702	0.00000	0.000000	15	0	16	1816
GCfix_009379	0.00316	0.001654	0.00000	0.000000	15	0	16	1804
GCfix_010724	0.00295	0.001428	0.00000	0.000000	14	0	14	1428
GCfix_009278	0.00295	0.001402	0.00000	0.000000	14	0	14	1402
GCfix_002482	0.00295	0.001348	0.00000	0.000000	14	0	14	1348
GCall_010467	0.00295	0.001502	0.00000	0.000000	14	0	14	1502
GCall_009362	0.00295	0.001512	0.00000	0.000000	14	0	14	1512
GCall_008824	0.00295	0.001488	0.00000	0.000000	14	0	14	1488
GCall_008335	0.00295	0.001512	0.00000	0.000000	14	0	14	1512
GCall_007891	0.00295	0.001476	0.00000	0.000000	14	0	14	1476
GCall_002631	0.00295	0.001516	0.00000	0.000000	14	0	14	1516
GCfix_007281	0.00274	0.001370	0.00000	0.000000	13	0	14	1488
GCfix_006416	0.00274	0.001328	0.00000	0.000000	13	0	14	1442
GCfix_011811	0.00253	0.001296	0.00000	0.000000	12	0	12	1296
GCfix_009742	0.00253	0.001296	0.00000	0.000000	12	0	12	1296
GCfix_006640	0.00253	0.001300	0.00000	0.000000	12	0	12	1300
GCfix_003591	0.00253	0.001158	0.00000	0.000000	12	0	12	1158
GCfix_002984	0.00253	0.001296	0.00000	0.000000	12	0	12	1296
GCfix_002761	0.00253	0.001166	0.00000	0.000000	12	0	12	1166
GCfix_002268	0.00253	0.001294	0.00000	0.000000	12	0	12	1294
GCfix_001044	0.00253	0.001376	0.00000	0.000000	12	0	12	1376
GCfix_001024	0.00253	0.001248	0.00000	0.000000	12	0	12	1248
GCfix_000183	0.00253	0.001294	0.00000	0.000000	12	0	12	1294
GCall_008497	0.00253	0.001296	0.00000	0.000000	12	0	12	1296
GCall_006119	0.00253	0.001196	0.00000	0.000000	12	0	12	1196
GCall_005095	0.00253	0.001300	0.00000	0.000000	12	0	12	1300
GCall_004880	0.00253	0.001376	0.00000	0.000000	12	0	12	1376
GCall_004087	0.00253	0.001170	0.00000	0.000000	12	0	12	1170
GCall_002851	0.00253	0.001218	0.00000	0.000000	12	0	12	1218
GCall_000123	0.00253	0.001316	0.00000	0.000000	12	0	12	1316
GCall_001387	0.00232	0.001039	0.00000	0.000000	11	0	12	1060
GCfix_010300	0.00210	0.001068	0.00000	0.000000	10	0	10	1068
GCfix_008116	0.00210	0.000964	0.00000	0.000000	10	0	10	964
GCfix_005845	0.00210	0.000926	0.00000	0.000000	10	0	10	926
GCfix_004694	0.00210	0.000896	0.00000	0.000000	10	0	10	896
GCfix_003988	0.00210	0.001078	0.00000	0.000000	10	0	10	1078
GCfix_003449	0.00210	0.001052	0.00000	0.000000	10	0	10	1052
GCfix_002438	0.00210	0.001082	0.00000	0.000000	10	0	10	1082
GCfix_002262	0.00210	0.001076	0.00000	0.000000	10	0	10	1076
GCall_011870	0.00210	0.001078	0.00000	0.000000	10	0	10	1078
GCall_010229	0.00210	0.001080	0.00000	0.000000	10	0	10	1080
GCall_010222	0.00210	0.001024	0.00000	0.000000	10	0	10	1024
GCall_008498	0.00210	0.001074	0.00000	0.000000	10	0	10	1074
GCall_005901	0.00210	0.001070	0.00000	0.000000	10	0	10	1070
GCall_005335	0.00210	0.001080	0.00000	0.000000	10	0	10	1080
GCall_004501	0.00210	0.001080	0.00000	0.000000	10	0	10	1080
GCall_003056	0.00210	0.001044	0.00000	0.000000	10	0	10	1044
GCall_001267	0.00210	0.001070	0.00000	0.000000	10	0	10	1070
GCall_001015	0.00210	0.000856	0.00000	0.000000	10	0	10	856
GCfix_010325	0.00168	0.000802	0.00000	0.000000	8	0	8	802
GCfix_008781	0.00168	0.000864	0.00000	0.000000	8	0	8	864
GCfix_007077	0.00168	0.000864	0.00000	0.000000	8	0	8	864
GCfix_006675	0.00168	0.000864	0.00000	0.000000	8	0	8	864
GCfix_003752	0.00168	0.000862	0.00000	0.000000	8	0	8	862
GCfix_003441	0.00168	0.000720	0.00000	0.000000	8	0	8	720
GCfix_001733	0.00168	0.000858	0.00000	0.000000	8	0	8	858
GCfix_001592	0.00168	0.000706	0.00000	0.000000	8	0	8	706
GCfix_001590	0.00168	0.000770	0.00000	0.000000	8	0	8	770
GCfix_001516	0.00168	0.000858	0.00000	0.000000	8	0	8	858
GCfix_001377	0.00168	0.000844	0.00000	0.000000	8	0	8	844
GCfix_000386	0.00168	0.000862	0.00000	0.000000	8	0	8	862
GCall_010305	0.00168	0.000830	0.00000	0.000000	8	0	8	830
GCall_005534	0.00168	0.000790	0.00000	0.000000	8	0	8	790
GCall_005457	0.00168	0.000720	0.00000	0.000000	8	0	8	720
GCall_003582	0.00168	0.000864	0.00000	0.000000	8	0	8	864
GCall_002199	0.00168	0.000856	0.00000	0.000000	8	0	8	856
GCall_000070	0.00168	0.000704	0.00000	0.000000	8	0	8	704
GCfix_009699	0.00126	0.000648	0.00000	0.000000	6	0	6	648
GCfix_008651	0.00126	0.000626	0.00000	0.000000	6	0	6	626
GCfix_006994	0.00126	0.000648	0.00000	0.000000	6	0	6	648
GCfix_006390	0.00126	0.000640	0.00000	0.000000	6	0	6	640
GCfix_006234	0.00126	0.000504	0.00000	0.000000	6	0	6	504
GCfix_006032	0.00126	0.000580	0.00000	0.000000	6	0	6	580
GCfix_002574	0.00126	0.000572	0.00000	0.000000	6	0	6	572
GCfix_001324	0.00126	0.000488	0.00000	0.000000	6	0	6	488
GCall_011014	0.00126	0.000612	0.00000	0.000000	6	0	6	612
GCall_010432	0.00126	0.000660	0.00000	0.000000	6	0	6	660
GCall_009972	0.00126	0.000504	0.00000	0.000000	6	0	6	504
GCall_009953	0.00126	0.000648	0.00000	0.000000	6	0	6	648
GCall_009316	0.00126	0.000534	0.00000	0.000000	6	0	6	534
GCall_006159	0.00126	0.000624	0.00000	0.000000	6	0	6	624
GCall_005373	0.00126	0.000648	0.00000	0.000000	6	0	6	648
GCall_000432	0.00126	0.000648	0.00000	0.000000	6	0	6	648
GCall_002469	0.00105	0.000582	0.00000	0.000000	5	0	6	732
GCfix_010726	0.00084	0.000364	0.00000	0.000000	4	0	4	364
GCfix_010226	0.00084	0.000430	0.00000	0.000000	4	0	4	430
GCfix_009101	0.00084	0.000264	0.00000	0.000000	4	0	4	264
GCfix_008713	0.00084	0.000432	0.00000	0.000000	4	0	4	432
GCfix_008711	0.00084	0.000424	0.00000	0.000000	4	0	4	424
GCfix_001405	0.00084	0.000214	0.00000	0.000000	4	0	4	214
GCfix_000658	0.00084	0.000430	0.00000	0.000000	4	0	4	430
GCfix_000276	0.00084	0.000334	0.00000	0.000000	4	0	4	334
GCfix_000026	0.00084	0.000432	0.00000	0.000000	4	0	4	432
GCall_011580	0.00084	0.000172	0.00000	0.000000	4	0	4	172
GCall_009296	0.00084	0.000432	0.00000	0.000000	4	0	4	432
GCall_006538	0.00084	0.000324	0.00000	0.000000	4	0	4	324
GCall_005794	0.00084	0.000432	0.00000	0.000000	4	0	4	432
GCall_005548	0.00084	0.000428	0.00000	0.000000	4	0	4	428
GCall_004301	0.00084	0.000424	0.00000	0.000000	4	0	4	424
GCall_001874	0.00084	0.000286	0.00000	0.000000	4	0	4	286
GCall_001350	0.00084	0.000432	0.00000	0.000000	4	0	4	432
GCall_000198	0.00084	0.000432	0.00000	0.000000	4	0	4	432
GCfix_003525	0.00063	0.000334	0.00000	0.000000	3	0	4	452
GCfix_003507	0.00063	0.000235	0.00000	0.000000	3	0	4	254
GCfix_010005	0.00042	0.000092	0.00000	0.000000	2	0	2	92
GCfix_006557	0.00042	0.000216	0.00000	0.000000	2	0	2	216
GCfix_006126	0.00042	0.000216	0.00000	0.000000	2	0	2	216
GCfix_005514	0.00042	0.000208	0.00000	0.000000	2	0	2	208
GCfix_000666	0.00042	0.000130	0.00000	0.000000	2	0	2	130
GCfix_000338	0.00042	0.000158	0.00000	0.000000	2	0	2	158
GCfix_000120	0.00042	0.000214	0.00000	0.000000	2	0	2	214
GCall_009992	0.00042	0.000216	0.00000	0.000000	2	0	2	216
GCall_006796	0.00042	0.000066	0.00000	0.000000	2	0	2	66
GCall_002398	0.00042	0.000214	0.00000	0.000000	2	0	2	214
GCall_002337	0.00042	0.000216	0.00000	0.000000	2	0	2	216
GCall_002145	0.00042	0.000210	0.00000	0.000000	2	0	2	210
GCall_001492	0.00042	0.000216	0.00000	0.000000	2	0	2	216
