#name	%unambiguousReads	unambiguousMB	%ambiguousReads	ambiguousMB	unambiguousReads	ambiguousReads	assignedReads	assignedBases
GCfix_000952	0.45495	0.195038	0.00000	0.000000	2340	0	2350	195892
GCfix_000188	0.20667	0.114886	0.00000	0.000000	1063	0	1064	115036
GCall_007731	0.19909	0.110418	0.00000	0.000000	1024	0	1026	110718
GCall_004481	0.19870	0.110408	0.00000	0.000000	1022	0	1028	111242
GCall_007723	0.19656	0.110489	0.00000	0.000000	1011	0	1021	111902
GCfix_010893	0.19384	0.107616	0.00000	0.000000	997	0	1000	107976
GCfix_006745	0.19365	0.108294	0.00000	0.000000	996	0	1002	109164
GCall_010977	0.19306	0.107586	0.00000	0.000000	993	0	996	108036
GCfix_010341	0.19015	0.105864	0.00000	0.000000	978	0	982	106398
GCall_008247	0.19015	0.106098	0.00000	0.000000	978	0	986	107198
GCall_008070	0.18762	0.104638	0.00000	0.000000	965	0	976	106174
GCall_004122	0.18626	0.103430	0.00000	0.000000	958	0	962	104030
GCall_003884	0.18626	0.103728	0.00000	0.000000	958	0	958	103728
GCfix_011728	0.18587	0.103095	0.00000	0.000000	956	0	962	103724
GCfix_004773	0.18451	0.102953	0.00000	0.000000	949	0	954	103628
GCfix_007747	0.18256	0.101834	0.00000	0.000000	939	0	944	102392
GCfix_003352	0.18237	0.101246	0.00000	0.000000	938	0	940	101488
GCall_009388	0.18101	0.100779	0.00000	0.000000	931	0	934	101120
GCfix_006134	0.17945	0.099704	0.00000	0.000000	923	0	926	100056
GCall_004064	0.17829	0.098972	0.00000	0.000000	917	0	918	99122
GCfix_009248	0.17751	0.098396	0.00000	0.000000	913	0	918	99088
GCall_000576	0.17595	0.097681	0.00000	0.000000	905	0	910	98368
GCfix_002804	0.17576	0.098194	0.00000	0.000000	904	0	908	98724
GCfix_008217	0.17556	0.097802	0.00000	0.000000	903	0	908	98510
GCfix_010983	0.17537	0.097314	0.00000	0.000000	902	0	906	97876
GCall_006134	0.17518	0.097458	0.00000	0.000000	901	0	904	97876
GCfix_000022	0.17498	0.097270	0.00000	0.000000	900	0	904	97800
GCall_010123	0.17420	0.096889	0.00000	0.000000	896	0	899	97269
GCall_005872	0.17401	0.096576	0.00000	0.000000	895	0	900	97196
GCall_001371	0.17401	0.097098	0.00000	0.000000	895	0	898	97548
GCfix_003248	0.17381	0.096427	0.00000	0.000000	894	0	900	97254
GCfix_001910	0.17323	0.096288	0.00000	0.000000	891	0	894	96738
GCfix_003461	0.17265	0.095495	0.00000	0.000000	888	0	892	96030
GCall_010349	0.17245	0.096061	0.00000	0.000000	887	0	892	96778
GCall_006262	0.17226	0.095360	0.00000	0.000000	886	0	888	95660
GCall_002983	0.17187	0.095792	0.00000	0.000000	884	0	886	96092
GCfix_011827	0.17109	0.095204	0.00000	0.000000	880	0	882	95504
GCfix_000358	0.17090	0.095040	0.00000	0.000000	879	0	882	95458
GCall_010027	0.17090	0.095190	0.00000	0.000000	879	0	882	95610
GCfix_005299	0.17070	0.094699	0.00000	0.000000	878	0	880	94966
GCfix_001510	0.17032	0.095059	0.00000	0.000000	876	0	884	96102
GCfix_002655	0.17012	0.094585	0.00000	0.000000	875	0	882	95520
GCall_006695	0.16973	0.094655	0.00000	0.000000	873	0	878	95332
GCall_006217	0.16973	0.094643	0.00000	0.000000	873	0	878	95328
GCall_011608	0.16915	0.094456	0.00000	0.000000	870	0	870	94456
GCall_010770	0.16915	0.094097	0.00000	0.000000	870	0	876	94920
GCfix_009767	0.16895	0.094009	0.00000	0.000000	869	0	872	94386
GCall_006242	0.16895	0.094193	0.00000	0.000000	869	0	874	94840
GCfix_008874	0.16837	0.093802	0.00000	0.000000	866	0	868	94072
GCfix_005815	0.16779	0.093298	0.00000	0.000000	863	0	868	94016
GCall_009723	0.16759	0.093292	0.00000	0.000000	862	0	868	94192
GCall_000069	0.16740	0.092632	0.00000	0.000000	861	0	862	92782
GCall_003518	0.16701	0.092928	0.00000	0.000000	859	0	862	93312
GCfix_010598	0.16682	0.093130	0.00000	0.000000	858	0	860	93430
GCfix_004391	0.16682	0.092658	0.00000	0.000000	858	0	858	92658
GCfix_011443	0.16662	0.092547	0.00000	0.000000	857	0	862	93192
GCall_011315	0.16662	0.092846	0.00000	0.000000	857	0	858	92964
GCall_008912	0.16662	0.092528	0.00000	0.000000	857	0	864	93504
GCfix_003152	0.16623	0.092890	0.00000	0.000000	855	0	856	93040
GCall_004897	0.16623	0.092514	0.00000	0.000000	855	0	858	92964
GCfix_002038	0.16604	0.091954	0.00000	0.000000	854	0	860	92706
GCall_007684	0.16584	0.092041	0.00000	0.000000	853	0	856	92422
GCall_004788	0.16584	0.092939	0.00000	0.000000	853	0	862	94216
GCfix_011331	0.16565	0.092192	0.00000	0.000000	852	0	858	92942
GCfix_002883	0.16565	0.091942	0.00000	0.000000	852	0	858	92734
GCfix_010422	0.16545	0.092238	0.00000	0.000000	851	0	856	92956
GCall_004953	0.16545	0.091758	0.00000	0.000000	851	0	854	92176
GCall_001472	0.16507	0.091545	0.00000	0.000000	849	0	852	91930
GCfix_004825	0.16468	0.091576	0.00000	0.000000	847	0	850	92026
GCall_005056	0.16468	0.091641	0.00000	0.000000	847	0	852	92284
GCfix_006285	0.16448	0.091435	0.00000	0.000000	846	0	848	91668
GCfix_003924	0.16448	0.091760	0.00000	0.000000	846	0	852	92562
GCall_004019	0.16409	0.091280	0.00000	0.000000	844	0	846	91580
GCfix_005857	0.16390	0.090800	0.00000	0.000000	843	0	844	90950
GCall_008872	0.16390	0.091478	0.00000	0.000000	843	0	848	92126
GCall_004960	0.16390	0.091062	0.00000	0.000000	843	0	843	91062
GCall_003968	0.16390	0.091354	0.00000	0.000000	843	0	844	91474
GCfix_009396	0.16312	0.089124	0.00000	0.000000	839	0	840	89274
GCall_009439	0.16312	0.090728	0.00000	0.000000	839	0	842	91070
GCfix_005060	0.16234	0.089926	0.00000	0.000000	835	0	837	90184
GCfix_004361	0.16234	0.090474	0.00000	0.000000	835	0	842	91458
GCall_011713	0.16234	0.090134	0.00000	0.000000	835	0	838	90550
GCall_005107	0.16234	0.089895	0.00000	0.000000	835	0	838	90312
GCall_001634	0.16234	0.090501	0.00000	0.000000	835	0	844	91732
GCall_004436	0.16215	0.090107	0.00000	0.000000	834	0	836	90338
GCall_006762	0.16196	0.090082	0.00000	0.000000	833	0	836	90532
GCfix_011715	0.16176	0.090018	0.00000	0.000000	832	0	836	90512
GCfix_010075	0.16176	0.089970	0.00000	0.000000	832	0	832	89970
GCfix_002813	0.16176	0.089669	0.00000	0.000000	832	0	838	90472
GCfix_001509	0.16176	0.089917	0.00000	0.000000	832	0	834	90152
GCall_004773	0.16176	0.089519	0.00000	0.000000	832	0	838	90354
GCall_002180	0.16176	0.089774	0.00000	0.000000	832	0	836	90340
GCfix_006512	0.16157	0.090221	0.00000	0.000000	831	0	834	90638
GCall_010314	0.16157	0.089755	0.00000	0.000000	831	0	834	90180
GCall_011080	0.16137	0.089825	0.00000	0.000000	830	0	838	90890
GCfix_005310	0.16079	0.089806	0.00000	0.000000	827	0	832	90514
GCall_011687	0.16079	0.089600	0.00000	0.000000	827	0	832	90320
GCall_006378	0.16079	0.089102	0.00000	0.000000	827	0	830	89438
GCall_003292	0.16079	0.089100	0.00000	0.000000	827	0	830	89550
GCfix_001628	0.16059	0.089543	0.00000	0.000000	826	0	828	89808
GCall_011924	0.16059	0.089310	0.00000	0.000000	826	0	828	89610
GCfix_007049	0.16040	0.089140	0.00000	0.000000	825	0	830	89794
GCall_009241	0.16040	0.091322	0.00000	0.000000	825	0	830	92072
GCfix_007750	0.15982	0.088934	0.00000	0.000000	822	0	826	89472
GCfix_010475	0.15962	0.088874	0.00000	0.000000	821	0	826	89582
GCfix_003151	0.15943	0.088472	0.00000	0.000000	820	0	822	88706
GCfix_008919	0.15923	0.088914	0.00000	0.000000	819	0	826	89886
GCall_008310	0.15904	0.088405	0.00000	0.000000	818	0	822	88912
GCall_000208	0.15904	0.088298	0.00000	0.000000	818	0	822	88788
GCall_010387	0.15865	0.088316	0.00000	0.000000	816	0	819	88734
GCall_010649	0.15846	0.087840	0.00000	0.000000	815	0	816	87960
GCall_003002	0.15846	0.088018	0.00000	0.000000	815	0	816	88168
GCall_003996	0.15826	0.087875	0.00000	0.000000	814	0	818	88420
GCall_010833	0.15787	0.087127	0.00000	0.000000	812	0	816	87670
GCfix_003565	0.15768	0.087596	0.00000	0.000000	811	0	814	88046
GCfix_002912	0.15768	0.087758	0.00000	0.000000	811	0	812	87908
GCall_006477	0.15768	0.088180	0.00000	0.000000	811	0	816	88930
GCall_009880	0.15748	0.087862	0.00000	0.000000	810	0	812	88162
GCfix_011094	0.15729	0.087553	0.00000	0.000000	809	0	816	88456
GCfix_010762	0.15671	0.087381	0.00000	0.000000	806	0	810	87890
GCall_001878	0.15671	0.086951	0.00000	0.000000	806	0	810	87434
GCfix_004470	0.15651	0.086991	0.00000	0.000000	805	0	808	87408
GCfix_009343	0.15632	0.086373	0.00000	0.000000	804	0	808	86866
GCfix_005569	0.15612	0.086615	0.00000	0.000000	803	0	806	87030
GCall_008190	0.15612	0.087020	0.00000	0.000000	803	0	806	87428
GCall_006870	0.15593	0.086562	0.00000	0.000000	802	0	808	87422
GCall_011861	0.15573	0.086429	0.00000	0.000000	801	0	806	87066
GCall_000282	0.15573	0.086205	0.00000	0.000000	801	0	806	86830
GCfix_009205	0.15554	0.086812	0.00000	0.000000	800	0	802	87078
GCfix_005555	0.15554	0.086876	0.00000	0.000000	800	0	804	87406
GCfix_009472	0.15515	0.086380	0.00000	0.000000	798	0	800	86650
GCfix_006258	0.15515	0.086354	0.00000	0.000000	798	0	804	87084
GCfix_009875	0.15496	0.086197	0.00000	0.000000	797	0	800	86540
GCall_000296	0.15496	0.085780	0.00000	0.000000	797	0	802	86530
GCfix_011884	0.15476	0.086482	0.00000	0.000000	796	0	800	87008
GCfix_001586	0.15437	0.085994	0.00000	0.000000	794	0	800	86788
GCall_009124	0.15437	0.085895	0.00000	0.000000	794	0	802	86990
GCfix_009103	0.15418	0.085664	0.00000	0.000000	793	0	796	86114
GCfix_007507	0.15398	0.085911	0.00000	0.000000	792	0	796	86400
GCfix_011464	0.15359	0.085749	0.00000	0.000000	790	0	794	86294
GCall_005460	0.15359	0.085113	0.00000	0.000000	790	0	794	85638
GCfix_005405	0.15340	0.085350	0.00000	0.000000	789	0	790	85500
GCall_000331	0.15340	0.085444	0.00000	0.000000	789	0	794	86164
GCall_010169	0.15321	0.084951	0.00000	0.000000	788	0	790	85216
GCall_000173	0.15282	0.084783	0.00000	0.000000	786	0	788	84952
GCfix_004267	0.15262	0.085014	0.00000	0.000000	785	0	792	86030
GCall_009882	0.15262	0.085420	0.00000	0.000000	785	0	788	85870
GCfix_006220	0.15243	0.084938	0.00000	0.000000	784	0	788	85538
GCfix_003995	0.15243	0.085208	0.00000	0.000000	784	0	788	85808
GCfix_003237	0.15223	0.084855	0.00000	0.000000	783	0	786	85280
GCall_005469	0.15223	0.084538	0.00000	0.000000	783	0	786	84916
GCall_001851	0.15223	0.084882	0.00000	0.000000	783	0	788	85538
GCfix_004183	0.15165	0.084826	0.00000	0.000000	780	0	784	85362
GCfix_003584	0.15165	0.084490	0.00000	0.000000	780	0	782	84758
GCall_006853	0.15165	0.084541	0.00000	0.000000	780	0	782	84768
GCall_004995	0.15165	0.084266	0.00000	0.000000	780	0	782	84534
GCall_010748	0.15146	0.084440	0.00000	0.000000	779	0	782	84890
GCall_003050	0.15146	0.084031	0.00000	0.000000	779	0	782	84414
GCall_002924	0.15146	0.084444	0.00000	0.000000	779	0	784	85088
GCfix_000672	0.15126	0.084474	0.00000	0.000000	778	0	780	84740
GCall_011180	0.15107	0.083934	0.00000	0.000000	777	0	778	84044
GCall_010506	0.15107	0.083924	0.00000	0.000000	777	0	780	84374
GCfix_001776	0.15087	0.083541	0.00000	0.000000	776	0	780	84078
GCall_001046	0.15087	0.083937	0.00000	0.000000	776	0	780	84472
GCall_005676	0.15068	0.083596	0.00000	0.000000	775	0	776	83746
GCfix_008722	0.15048	0.083818	0.00000	0.000000	774	0	774	83818
GCall_006502	0.15029	0.083521	0.00000	0.000000	773	0	776	83774
GCall_001919	0.15010	0.083617	0.00000	0.000000	772	0	782	84914
GCfix_010086	0.14990	0.083588	0.00000	0.000000	771	0	774	84038
GCfix_008578	0.14990	0.083028	0.00000	0.000000	771	0	772	83070
GCfix_006967	0.14990	0.083406	0.00000	0.000000	771	0	774	83816
GCall_007615	0.14990	0.083343	0.00000	0.000000	771	0	774	83762
GCfix_002652	0.14951	0.083242	0.00000	0.000000	769	0	772	83658
GCall_009919	0.14951	0.083015	0.00000	0.000000	769	0	776	83908
GCfix_011918	0.14932	0.083052	0.00000	0.000000	768	0	770	83310
GCfix_010434	0.14912	0.083417	0.00000	0.000000	767	0	771	83948
GCfix_008180	0.14912	0.083273	0.00000	0.000000	767	0	770	83664
GCfix_002669	0.14912	0.082986	0.00000	0.000000	767	0	768	83136
GCfix_000590	0.14912	0.082714	0.00000	0.000000	767	0	770	83094
GCfix_006490	0.14893	0.082794	0.00000	0.000000	766	0	768	83094
GCall_004468	0.14893	0.082607	0.00000	0.000000	766	0	770	83164
GCall_000459	0.14893	0.082827	0.00000	0.000000	766	0	772	83620
GCall_003620	0.14854	0.082887	0.00000	0.000000	764	0	766	83154
GCfix_008370	0.14835	0.082692	0.00000	0.000000	763	0	770	83592
GCall_006039	0.14835	0.082401	0.00000	0.000000	763	0	766	82792
GCfix_000668	0.14815	0.082691	0.00000	0.000000	762	0	765	83141
GCfix_008609	0.14796	0.082118	0.00000	0.000000	761	0	770	83408
GCfix_003906	0.14796	0.082456	0.00000	0.000000	761	0	764	82830
GCall_003805	0.14776	0.082360	0.00000	0.000000	760	0	764	82960
GCfix_007733	0.14757	0.081942	0.00000	0.000000	759	0	760	82060
GCall_007462	0.14757	0.081397	0.00000	0.000000	759	0	762	81814
GCall_004981	0.14757	0.081928	0.00000	0.000000	759	0	762	82378
GCfix_010596	0.14737	0.082028	0.00000	0.000000	758	0	760	82294
GCfix_009734	0.14737	0.081631	0.00000	0.000000	758	0	759	81750
GCfix_003979	0.14737	0.081776	0.00000	0.000000	758	0	762	82282
GCfix_007492	0.14718	0.082251	0.00000	0.000000	757	0	762	82902
GCfix_000614	0.14718	0.081727	0.00000	0.000000	757	0	758	81844
GCall_003696	0.14679	0.081876	0.00000	0.000000	755	0	760	82626
GCall_001167	0.14660	0.081514	0.00000	0.000000	754	0	758	82036
GCfix_009936	0.14640	0.081234	0.00000	0.000000	753	0	756	81684
GCfix_007505	0.14640	0.081130	0.00000	0.000000	753	0	756	81540
GCfix_005933	0.14640	0.081626	0.00000	0.000000	753	0	756	82018
GCall_003891	0.14640	0.081448	0.00000	0.000000	753	0	756	81898
GCfix_009851	0.14621	0.081020	0.00000	0.000000	752	0	754	81288
GCfix_001892	0.14621	0.081350	0.00000	0.000000	752	0	758	82142
GCfix_000352	0.14582	0.081056	0.00000	0.000000	750	0	752	81284
GCfix_005235	0.14562	0.080848	0.00000	0.000000	749	0	752	81298
GCall_007835	0.14562	0.081146	0.00000	0.000000	749	0	752	81556
GCall_008503	0.14543	0.080727	0.00000	0.000000	748	0	750	80994
GCall_002628	0.14543	0.081291	0.00000	0.000000	748	0	754	82114
GCall_005749	0.14523	0.080889	0.00000	0.000000	747	0	756	82122
GCall_005538	0.14523	0.080731	0.00000	0.000000	747	0	752	81326
GCfix_002162	0.14485	0.080045	0.00000	0.000000	745	0	746	80154
GCfix_003351	0.14465	0.080653	0.00000	0.000000	744	0	748	81218
GCfix_011533	0.14446	0.080578	0.00000	0.000000	743	0	746	81028
GCfix_011050	0.14446	0.080802	0.00000	0.000000	743	0	746	81196
GCfix_005127	0.14446	0.080538	0.00000	0.000000	743	0	748	81218
GCfix_004719	0.14446	0.080462	0.00000	0.000000	743	0	746	80912
GCall_005126	0.14426	0.080140	0.00000	0.000000	742	0	746	80666
GCfix_007138	0.14407	0.080162	0.00000	0.000000	741	0	748	81022
GCall_001525	0.14407	0.080144	0.00000	0.000000	741	0	746	80802
GCall_000439	0.14407	0.080283	0.00000	0.000000	741	0	748	81176
GCfix_011057	0.14368	0.079929	0.00000	0.000000	739	0	742	80346
GCfix_009581	0.14368	0.080062	0.00000	0.000000	739	0	746	80982
GCall_002328	0.14368	0.080143	0.00000	0.000000	739	0	742	80518
GCfix_004976	0.14348	0.079934	0.00000	0.000000	738	0	742	80430
GCfix_007744	0.14329	0.079764	0.00000	0.000000	737	0	740	80214
GCfix_007429	0.14329	0.079852	0.00000	0.000000	737	0	738	80002
GCall_010142	0.14310	0.079533	0.00000	0.000000	736	0	744	80592
GCall_004442	0.14310	0.079911	0.00000	0.000000	736	0	744	81084
GCfix_009792	0.14290	0.079633	0.00000	0.000000	735	0	740	80320
GCfix_006517	0.14290	0.079565	0.00000	0.000000	735	0	738	79918
GCfix_008218	0.14271	0.079229	0.00000	0.000000	734	0	738	79730
GCfix_008163	0.14251	0.079375	0.00000	0.000000	733	0	734	79484
GCfix_002681	0.14251	0.079356	0.00000	0.000000	733	0	734	79506
GCall_007925	0.14251	0.079444	0.00000	0.000000	733	0	736	79770
GCall_011151	0.14232	0.079614	0.00000	0.000000	732	0	734	79914
GCall_004867	0.14232	0.079288	0.00000	0.000000	732	0	736	79888
GCall_003902	0.14232	0.079080	0.00000	0.000000	732	0	736	79680
GCall_002161	0.14212	0.078809	0.00000	0.000000	731	0	732	78928
GCfix_008712	0.14193	0.078884	0.00000	0.000000	730	0	734	79484
GCfix_001594	0.14193	0.078909	0.00000	0.000000	730	0	732	79168
GCall_006000	0.14193	0.078816	0.00000	0.000000	730	0	734	79350
GCall_004965	0.14193	0.079234	0.00000	0.000000	730	0	736	80032
GCall_010899	0.14154	0.078700	0.00000	0.000000	728	0	732	79216
GCall_004061	0.14154	0.078680	0.00000	0.000000	728	0	732	79244
GCfix_000710	0.14135	0.078450	0.00000	0.000000	727	0	728	78600
GCfix_007557	0.14115	0.078624	0.00000	0.000000	726	0	728	78924
GCall_004601	0.14115	0.078754	0.00000	0.000000	726	0	730	79354
GCall_003038	0.14115	0.078286	0.00000	0.000000	726	0	728	78520
GCall_002279	0.14115	0.078459	0.00000	0.000000	726	0	732	79202
GCfix_006160	0.14076	0.078636	0.00000	0.000000	724	0	730	79476
GCall_008868	0.14076	0.077967	0.00000	0.000000	724	0	726	78194
GCfix_009153	0.14057	0.078248	0.00000	0.000000	723	0	730	79122
GCall_005204	0.14037	0.078182	0.00000	0.000000	722	0	722	78182
GCfix_004611	0.14018	0.078087	0.00000	0.000000	721	0	724	78470
GCall_009600	0.14018	0.077976	0.00000	0.000000	721	0	722	78096
GCall_009012	0.14018	0.078022	0.00000	0.000000	721	0	722	78172
GCall_000860	0.14018	0.078342	0.00000	0.000000	721	0	724	78792
GCall_005210	0.13999	0.077996	0.00000	0.000000	720	0	724	78530
GCall_011899	0.13979	0.077915	0.00000	0.000000	719	0	722	78268
GCall_009628	0.13960	0.077935	0.00000	0.000000	718	0	726	79070
GCall_005748	0.13960	0.077830	0.00000	0.000000	718	0	722	78364
GCfix_006706	0.13940	0.077256	0.00000	0.000000	717	0	722	77792
GCfix_001681	0.13940	0.077315	0.00000	0.000000	717	0	718	77434
GCall_006257	0.13940	0.077136	0.00000	0.000000	717	0	720	77514
GCall_005771	0.13921	0.077280	0.00000	0.000000	716	0	720	77880
GCfix_011936	0.13901	0.077678	0.00000	0.000000	715	0	716	77828
GCall_003916	0.13901	0.077686	0.00000	0.000000	715	0	722	78736
GCall_000466	0.13901	0.077176	0.00000	0.000000	715	0	720	77926
GCfix_007304	0.13882	0.077084	0.00000	0.000000	714	0	716	77384
GCall_011201	0.13882	0.077409	0.00000	0.000000	714	0	718	77930
GCfix_004146	0.13862	0.076998	0.00000	0.000000	713	0	718	77624
GCfix_002088	0.13862	0.076980	0.00000	0.000000	713	0	714	77130
GCall_009239	0.13862	0.076956	0.00000	0.000000	713	0	714	77074
GCall_004576	0.13862	0.077000	0.00000	0.000000	713	0	720	77868
GCfix_011878	0.13843	0.077105	0.00000	0.000000	712	0	716	77634
GCfix_005371	0.13843	0.076934	0.00000	0.000000	712	0	714	77176
GCall_003083	0.13843	0.076834	0.00000	0.000000	712	0	716	77318
GCall_007688	0.13824	0.076570	0.00000	0.000000	711	0	712	76720
GCall_010192	0.13804	0.076653	0.00000	0.000000	710	0	714	77178
GCfix_009378	0.13785	0.076430	0.00000	0.000000	709	0	712	76810
GCfix_008067	0.13765	0.076717	0.00000	0.000000	708	0	710	76984
GCfix_007755	0.13765	0.076760	0.00000	0.000000	708	0	712	77328
GCall_005273	0.13765	0.076686	0.00000	0.000000	708	0	710	76912
GCfix_009899	0.13746	0.076204	0.00000	0.000000	707	0	708	76354
GCall_011471	0.13746	0.076287	0.00000	0.000000	707	0	710	76676
GCall_003919	0.13726	0.076513	0.00000	0.000000	706	0	710	77080
GCfix_001298	0.13707	0.076134	0.00000	0.000000	705	0	706	76284
GCall_009233	0.13707	0.076440	0.00000	0.000000	705	0	708	76860
GCfix_008538	0.13687	0.076256	0.00000	0.000000	704	0	710	77002
GCfix_005155	0.13687	0.076232	0.00000	0.000000	704	0	710	77040
GCfix_003501	0.13687	0.076028	0.00000	0.000000	704	0	706	76246
GCfix_011225	0.13668	0.076474	0.00000	0.000000	703	0	708	77148
GCfix_002058	0.13668	0.076142	0.00000	0.000000	703	0	706	76592
GCfix_011351	0.13649	0.075996	0.00000	0.000000	702	0	706	76528
GCfix_010714	0.13649	0.075949	0.00000	0.000000	702	0	704	76214
GCfix_010314	0.13629	0.075854	0.00000	0.000000	701	0	704	76264
GCall_008358	0.13629	0.075273	0.00000	0.000000	701	0	702	75398
GCfix_004762	0.13610	0.075920	0.00000	0.000000	700	0	702	76180
GCall_005062	0.13610	0.075788	0.00000	0.000000	700	0	704	76316
GCall_003379	0.13610	0.076158	0.00000	0.000000	700	0	702	76458
GCfix_002105	0.13590	0.075538	0.00000	0.000000	699	0	704	76248
GCall_003773	0.13590	0.075651	0.00000	0.000000	699	0	702	76024
GCall_001193	0.13571	0.075754	0.00000	0.000000	698	0	700	76030
GCfix_011877	0.13551	0.075088	0.00000	0.000000	697	0	700	75438
GCfix_001904	0.13551	0.075367	0.00000	0.000000	697	0	698	75492
GCall_003424	0.13551	0.074717	0.00000	0.000000	697	0	700	75136
GCall_010012	0.13532	0.075221	0.00000	0.000000	696	0	698	75490
GCfix_007034	0.13512	0.075270	0.00000	0.000000	695	0	700	75880
GCall_010815	0.13493	0.075418	0.00000	0.000000	694	0	696	75718
GCfix_007957	0.13474	0.074997	0.00000	0.000000	693	0	696	75414
GCall_007207	0.13474	0.074869	0.00000	0.000000	693	0	698	75546
GCfix_010331	0.13454	0.074800	0.00000	0.000000	692	0	696	75400
GCall_006830	0.13454	0.074343	0.00000	0.000000	692	0	696	74840
GCfix_002677	0.13435	0.074590	0.00000	0.000000	691	0	692	74740
GCfix_001424	0.13435	0.074647	0.00000	0.000000	691	0	696	75332
GCall_003473	0.13435	0.075044	0.00000	0.000000	691	0	694	75462
GCfix_011247	0.13415	0.074081	0.00000	0.000000	690	0	694	74614
GCfix_007047	0.13415	0.074513	0.00000	0.000000	690	0	694	75042
GCfix_004928	0.13376	0.074260	0.00000	0.000000	688	0	692	74798
GCfix_001746	0.13376	0.074662	0.00000	0.000000	688	0	692	75262
GCfix_001486	0.13376	0.074720	0.00000	0.000000	688	0	692	75320
GCfix_005505	0.13357	0.074202	0.00000	0.000000	687	0	688	74352
GCfix_000458	0.13357	0.074730	0.00000	0.000000	687	0	688	74838
GCall_007113	0.13357	0.074239	0.00000	0.000000	687	0	690	74656
GCall_005327	0.13357	0.073946	0.00000	0.000000	687	0	692	74556
GCfix_011891	0.13337	0.074240	0.00000	0.000000	686	0	686	74240
GCall_006861	0.13318	0.073948	0.00000	0.000000	685	0	690	74698
GCfix_008132	0.13299	0.073650	0.00000	0.000000	684	0	688	74166
GCfix_006179	0.13299	0.073652	0.00000	0.000000	684	0	684	73652
GCall_010902	0.13299	0.074057	0.00000	0.000000	684	0	686	74286
GCfix_009292	0.13279	0.073867	0.00000	0.000000	683	0	686	74286
GCfix_007959	0.13279	0.073918	0.00000	0.000000	683	0	686	74290
GCfix_009017	0.13260	0.074094	0.00000	0.000000	682	0	686	74638
GCfix_007942	0.13260	0.073995	0.00000	0.000000	682	0	688	74828
GCfix_001881	0.13260	0.073806	0.00000	0.000000	682	0	689	74708
GCall_008380	0.13260	0.073720	0.00000	0.000000	682	0	682	73720
GCall_007880	0.13260	0.074901	0.00000	0.000000	682	0	690	75968
GCall_002405	0.13260	0.073998	0.00000	0.000000	682	0	684	74298
GCfix_007613	0.13240	0.073438	0.00000	0.000000	681	0	684	73794
GCall_008368	0.13221	0.073709	0.00000	0.000000	680	0	682	73944
GCall_003574	0.13201	0.073297	0.00000	0.000000	679	0	682	73628
GCall_002094	0.13201	0.073380	0.00000	0.000000	679	0	685	74280
GCfix_001010	0.13162	0.073319	0.00000	0.000000	677	0	682	74012
GCfix_003377	0.13143	0.073093	0.00000	0.000000	676	0	678	73360
GCall_008719	0.13143	0.073004	0.00000	0.000000	676	0	678	73270
GCall_007497	0.13143	0.072939	0.00000	0.000000	676	0	682	73748
GCall_006957	0.13143	0.073248	0.00000	0.000000	676	0	680	73806
GCall_000632	0.13143	0.073074	0.00000	0.000000	676	0	678	73298
GCfix_007936	0.13124	0.073007	0.00000	0.000000	675	0	678	73298
GCall_006897	0.13124	0.072989	0.00000	0.000000	675	0	676	73106
GCfix_006184	0.13085	0.072410	0.00000	0.000000	673	0	674	72524
GCall_007045	0.13085	0.073388	0.00000	0.000000	673	0	680	74292
GCfix_010986	0.13046	0.072346	0.00000	0.000000	671	0	672	72496
GCfix_009199	0.13046	0.072471	0.00000	0.000000	671	0	676	73108
GCfix_007621	0.13046	0.072263	0.00000	0.000000	671	0	678	73154
GCfix_004364	0.13046	0.072169	0.00000	0.000000	671	0	674	72584
GCfix_004351	0.13046	0.072983	0.00000	0.000000	671	0	676	73674
GCall_000021	0.13046	0.072755	0.00000	0.000000	671	0	674	73132
GCfix_000077	0.13026	0.072624	0.00000	0.000000	670	0	672	72882
GCall_003354	0.13007	0.072686	0.00000	0.000000	669	0	674	73376
GCall_010677	0.12988	0.072250	0.00000	0.000000	668	0	668	72250
GCall_010158	0.12988	0.072405	0.00000	0.000000	668	0	676	73452
GCall_001056	0.12988	0.071976	0.00000	0.000000	668	0	668	71976
GCall_000610	0.12988	0.072139	0.00000	0.000000	668	0	672	72714
GCfix_007349	0.12968	0.072474	0.00000	0.000000	667	0	670	72924
GCall_006718	0.12968	0.071443	0.00000	0.000000	667	0	670	71792
GCfix_007286	0.12949	0.071715	0.00000	0.000000	666	0	668	71942
GCfix_009938	0.12910	0.071941	0.00000	0.000000	664	0	666	72204
GCfix_008668	0.12910	0.071897	0.00000	0.000000	664	0	668	72464
GCfix_000661	0.12910	0.071896	0.00000	0.000000	664	0	666	72196
GCall_008650	0.12910	0.071946	0.00000	0.000000	664	0	666	72210
GCall_002482	0.12910	0.071266	0.00000	0.000000	664	0	664	71266
GCall_000369	0.12910	0.071878	0.00000	0.000000	664	0	666	72178
GCfix_003384	0.12890	0.071742	0.00000	0.000000	663	0	666	72192
GCfix_000287	0.12890	0.071612	0.00000	0.000000	663	0	664	71762
GCall_004726	0.12890	0.071704	0.00000	0.000000	663	0	668	72390
GCall_004037	0.12890	0.071801	0.00000	0.000000	663	0	668	72480
GCall_000608	0.12890	0.071755	0.00000	0.000000	663	0	666	72140
GCfix_006254	0.12871	0.071796	0.00000	0.000000	662	0	664	72028
GCfix_003433	0.12871	0.071500	0.00000	0.000000	662	0	662	71500
GCfix_007692	0.12851	0.071272	0.00000	0.000000	661	0	662	71422
GCfix_002595	0.12851	0.071486	0.00000	0.000000	661	0	666	72194
GCall_006279	0.12851	0.071579	0.00000	0.000000	661	0	662	71696
GCfix_006392	0.12832	0.071420	0.00000	0.000000	660	0	662	71720
GCall_010069	0.12832	0.071359	0.00000	0.000000	660	0	664	71876
GCall_003487	0.12832	0.071224	0.00000	0.000000	660	0	660	71224
GCfix_004562	0.12813	0.071248	0.00000	0.000000	659	0	662	71628
GCall_001493	0.12793	0.071290	0.00000	0.000000	658	0	662	71848
GCfix_003530	0.12774	0.071004	0.00000	0.000000	657	0	658	71154
GCfix_000633	0.12774	0.071332	0.00000	0.000000	657	0	662	72016
GCall_011702	0.12774	0.071341	0.00000	0.000000	657	0	660	71718
GCall_007316	0.12774	0.071173	0.00000	0.000000	657	0	658	71292
GCall_006565	0.12774	0.070916	0.00000	0.000000	657	0	658	71034
GCall_003922	0.12774	0.071202	0.00000	0.000000	657	0	662	71882
GCall_000011	0.12774	0.070937	0.00000	0.000000	657	0	658	71052
GCfix_006001	0.12754	0.071029	0.00000	0.000000	656	0	660	71558
GCall_008965	0.12754	0.070905	0.00000	0.000000	656	0	658	71140
GCall_002343	0.12754	0.070854	0.00000	0.000000	656	0	658	71154
GCfix_007382	0.12735	0.070822	0.00000	0.000000	655	0	656	70972
GCall_009055	0.12715	0.070559	0.00000	0.000000	654	0	660	71174
GCfix_008531	0.12696	0.070408	0.00000	0.000000	653	0	654	70558
GCfix_007042	0.12676	0.070096	0.00000	0.000000	652	0	660	71056
GCall_006461	0.12676	0.070435	0.00000	0.000000	652	0	656	70974
GCfix_005198	0.12657	0.070350	0.00000	0.000000	651	0	654	70738
GCall_000366	0.12657	0.070446	0.00000	0.000000	651	0	654	70830
GCfix_001423	0.12638	0.070328	0.00000	0.000000	650	0	652	70628
GCall_008236	0.12638	0.070233	0.00000	0.000000	650	0	654	70736
GCall_004125	0.12618	0.069867	0.00000	0.000000	649	0	651	70127
GCall_003551	0.12618	0.069928	0.00000	0.000000	649	0	652	70344
GCfix_003910	0.12599	0.070044	0.00000	0.000000	648	0	650	70314
GCfix_008799	0.12579	0.069930	0.00000	0.000000	647	0	652	70580
GCfix_003832	0.12579	0.069950	0.00000	0.000000	647	0	650	70328
GCall_009878	0.12579	0.070011	0.00000	0.000000	647	0	650	70400
GCfix_006841	0.12560	0.069582	0.00000	0.000000	646	0	648	69816
GCfix_006046	0.12560	0.069429	0.00000	0.000000	646	0	648	69676
GCfix_004076	0.12560	0.069750	0.00000	0.000000	646	0	650	70316
GCall_009244	0.12560	0.069913	0.00000	0.000000	646	0	648	70180
GCall_007354	0.12560	0.070490	0.00000	0.000000	646	0	648	70790
GCall_001978	0.12560	0.069734	0.00000	0.000000	646	0	650	70334
GCall_000675	0.12560	0.069688	0.00000	0.000000	646	0	648	69924
GCall_011936	0.12540	0.069589	0.00000	0.000000	645	0	648	70008
GCall_004085	0.12540	0.069420	0.00000	0.000000	645	0	646	69536
GCall_001433	0.12540	0.069437	0.00000	0.000000	645	0	650	70056
GCall_009068	0.12521	0.070044	0.00000	0.000000	644	0	646	70270
GCall_004377	0.12521	0.069676	0.00000	0.000000	644	0	646	69976
GCall_003903	0.12501	0.069323	0.00000	0.000000	643	0	644	69440
GCall_003628	0.12501	0.069486	0.00000	0.000000	643	0	646	69860
GCfix_001855	0.12482	0.069142	0.00000	0.000000	642	0	646	69712
GCfix_001552	0.12482	0.069529	0.00000	0.000000	642	0	648	70356
GCall_009745	0.12482	0.069275	0.00000	0.000000	642	0	646	69776
GCall_001903	0.12463	0.069156	0.00000	0.000000	641	0	644	69540
GCfix_006035	0.12443	0.068977	0.00000	0.000000	640	0	642	69252
GCall_011282	0.12424	0.069221	0.00000	0.000000	639	0	642	69630
GCfix_001195	0.12404	0.069095	0.00000	0.000000	638	0	642	69610
GCall_008644	0.12404	0.068816	0.00000	0.000000	638	0	640	69116
GCall_006055	0.12404	0.069004	0.00000	0.000000	638	0	642	69538
GCall_002013	0.12404	0.068748	0.00000	0.000000	638	0	638	68748
GCall_000303	0.12404	0.068866	0.00000	0.000000	638	0	642	69324
GCfix_009390	0.12385	0.068736	0.00000	0.000000	637	0	638	68886
GCfix_005473	0.12385	0.068857	0.00000	0.000000	637	0	638	68974
GCfix_004079	0.12385	0.068761	0.00000	0.000000	637	0	640	69104
GCall_009627	0.12385	0.068912	0.00000	0.000000	637	0	640	69330
GCall_011889	0.12365	0.068664	0.00000	0.000000	636	0	638	68964
GCfix_001380	0.12346	0.068784	0.00000	0.000000	635	0	638	69150
GCall_011934	0.12346	0.068450	0.00000	0.000000	635	0	638	68900
GCall_003795	0.12346	0.068692	0.00000	0.000000	635	0	636	68806
GCall_001778	0.12326	0.069498	0.00000	0.000000	634	0	644	70968
GCfix_010500	0.12307	0.068240	0.00000	0.000000	633	0	634	68390
GCfix_009494	0.12307	0.068357	0.00000	0.000000	633	0	634	68474
GCfix_006020	0.12307	0.068400	0.00000	0.000000	633	0	638	69084
GCall_008607	0.12307	0.068292	0.00000	0.000000	633	0	634	68442
GCfix_002954	0.12288	0.068673	0.00000	0.000000	632	0	638	69466
GCall_004776	0.12288	0.068406	0.00000	0.000000	632	0	632	68406
GCfix_003579	0.12249	0.068080	0.00000	0.000000	630	0	634	68608
GCall_002196	0.12249	0.067862	0.00000	0.000000	630	0	632	68122
GCfix_011817	0.12229	0.068010	0.00000	0.000000	629	0	630	68160
GCfix_005179	0.12229	0.067921	0.00000	0.000000	629	0	632	68312
GCfix_003779	0.12210	0.068064	0.00000	0.000000	628	0	628	68064
GCall_010777	0.12210	0.067868	0.00000	0.000000	628	0	630	68168
GCall_005933	0.12210	0.067497	0.00000	0.000000	628	0	636	68598
GCall_009760	0.12190	0.067728	0.00000	0.000000	627	0	628	67878
GCall_004208	0.12190	0.068196	0.00000	0.000000	627	0	632	68946
GCall_010923	0.12171	0.067487	0.00000	0.000000	626	0	630	67970
GCall_010329	0.12171	0.067412	0.00000	0.000000	626	0	628	67712
GCall_007067	0.12171	0.068028	0.00000	0.000000	626	0	632	68862
GCfix_000833	0.12132	0.067627	0.00000	0.000000	624	0	628	68122
GCfix_010820	0.12093	0.067275	0.00000	0.000000	622	0	624	67508
GCfix_011395	0.12074	0.067120	0.00000	0.000000	621	0	622	67270
GCfix_006749	0.12074	0.067437	0.00000	0.000000	621	0	624	67818
GCfix_006033	0.12074	0.067288	0.00000	0.000000	621	0	624	67700
GCfix_006775	0.12054	0.066630	0.00000	0.000000	620	0	620	66630
GCall_002517	0.12054	0.066831	0.00000	0.000000	620	0	624	67406
GCfix_007482	0.12035	0.066769	0.00000	0.000000	619	0	630	68170
GCall_009688	0.12035	0.066996	0.00000	0.000000	619	0	620	67112
GCall_001203	0.12035	0.066813	0.00000	0.000000	619	0	624	67524
GCfix_007239	0.12015	0.066900	0.00000	0.000000	618	0	620	67200
GCall_010527	0.11977	0.066436	0.00000	0.000000	616	0	616	66436
GCfix_010025	0.11957	0.066364	0.00000	0.000000	615	0	616	66514
GCfix_009466	0.11957	0.066378	0.00000	0.000000	615	0	620	67066
GCfix_007895	0.11957	0.066536	0.00000	0.000000	615	0	616	66686
GCfix_001825	0.11957	0.066682	0.00000	0.000000	615	0	618	67090
GCall_008336	0.11957	0.066455	0.00000	0.000000	615	0	618	66834
GCall_001865	0.11957	0.066568	0.00000	0.000000	615	0	616	66680
GCfix_005031	0.11938	0.066424	0.00000	0.000000	614	0	616	66692
GCfix_005653	0.11918	0.066448	0.00000	0.000000	613	0	615	66748
GCall_010368	0.11918	0.066013	0.00000	0.000000	613	0	616	66428
GCall_007808	0.11918	0.066260	0.00000	0.000000	613	0	616	66668
GCall_005303	0.11918	0.066280	0.00000	0.000000	613	0	614	66430
GCall_004014	0.11918	0.066051	0.00000	0.000000	613	0	616	66438
GCfix_005678	0.11860	0.066348	0.00000	0.000000	610	0	612	66648
GCall_005924	0.11860	0.066110	0.00000	0.000000	610	0	612	66410
GCall_001080	0.11860	0.065643	0.00000	0.000000	610	0	612	65910
GCfix_011770	0.11840	0.065689	0.00000	0.000000	609	0	612	65956
GCfix_001606	0.11840	0.065617	0.00000	0.000000	609	0	614	66254
GCall_009881	0.11840	0.065977	0.00000	0.000000	609	0	612	66286
GCfix_006246	0.11821	0.065794	0.00000	0.000000	608	0	610	66010
GCall_003345	0.11821	0.065809	0.00000	0.000000	608	0	610	66078
GCfix_005163	0.11802	0.065571	0.00000	0.000000	607	0	612	66222
GCfix_004297	0.11802	0.065226	0.00000	0.000000	607	0	608	65376
GCall_009948	0.11802	0.065814	0.00000	0.000000	607	0	608	65964
GCall_008285	0.11802	0.065514	0.00000	0.000000	607	0	612	66264
GCall_011186	0.11743	0.065540	0.00000	0.000000	604	0	608	66140
GCall_009169	0.11743	0.065358	0.00000	0.000000	604	0	606	65584
GCall_008165	0.11724	0.065253	0.00000	0.000000	603	0	604	65376
GCall_006349	0.11724	0.065530	0.00000	0.000000	603	0	606	65980
GCfix_009534	0.11704	0.065268	0.00000	0.000000	602	0	604	65568
GCfix_008258	0.11685	0.065218	0.00000	0.000000	601	0	604	65636
GCfix_007757	0.11685	0.065418	0.00000	0.000000	601	0	604	65868
GCfix_009277	0.11646	0.064513	0.00000	0.000000	599	0	602	64930
GCall_010153	0.11646	0.064658	0.00000	0.000000	599	0	600	64808
GCfix_008205	0.11627	0.064894	0.00000	0.000000	598	0	600	65194
GCfix_002881	0.11627	0.064713	0.00000	0.000000	598	0	600	64956
GCall_003213	0.11627	0.064470	0.00000	0.000000	598	0	600	64728
GCall_002135	0.11627	0.064758	0.00000	0.000000	598	0	602	65324
GCfix_006854	0.11607	0.064580	0.00000	0.000000	597	0	604	65566
GCfix_002543	0.11607	0.064646	0.00000	0.000000	597	0	604	65620
GCall_002499	0.11607	0.064576	0.00000	0.000000	597	0	598	64702
GCall_011452	0.11588	0.064528	0.00000	0.000000	596	0	598	64828
GCfix_007726	0.11568	0.064396	0.00000	0.000000	595	0	596	64546
GCall_008633	0.11568	0.064155	0.00000	0.000000	595	0	600	64742
GCfix_003459	0.11549	0.064248	0.00000	0.000000	594	0	600	65038
GCfix_000543	0.11529	0.064148	0.00000	0.000000	593	0	594	64298
GCfix_007545	0.11510	0.063998	0.00000	0.000000	592	0	594	64266
GCfix_002668	0.11510	0.063980	0.00000	0.000000	592	0	594	64240
GCfix_008718	0.11490	0.063540	0.00000	0.000000	591	0	592	63656
GCfix_009682	0.11471	0.063660	0.00000	0.000000	590	0	594	64176
GCfix_001936	0.11471	0.063700	0.00000	0.000000	590	0	594	64218
GCfix_000122	0.11471	0.063812	0.00000	0.000000	590	0	594	64306
GCall_008522	0.11471	0.063966	0.00000	0.000000	590	0	590	63966
GCfix_010586	0.11452	0.063292	0.00000	0.000000	589	0	594	63930
GCfix_001675	0.11452	0.063967	0.00000	0.000000	589	0	594	64652
GCall_008840	0.11452	0.063470	0.00000	0.000000	589	0	590	63620
GCall_005804	0.11413	0.063442	0.00000	0.000000	587	0	588	63592
GCall_004840	0.11393	0.062962	0.00000	0.000000	586	0	588	63224
GCfix_003192	0.11374	0.063288	0.00000	0.000000	585	0	590	64038
GCall_005051	0.11354	0.063358	0.00000	0.000000	584	0	588	63926
GCfix_004038	0.11335	0.063168	0.00000	0.000000	583	0	586	63618
GCfix_003573	0.11315	0.062923	0.00000	0.000000	582	0	584	63190
GCall_002470	0.11315	0.062478	0.00000	0.000000	582	0	584	62778
GCfix_010239	0.11296	0.062758	0.00000	0.000000	581	0	582	62876
GCfix_005481	0.11296	0.062752	0.00000	0.000000	581	0	582	62874
GCfix_002479	0.11296	0.062846	0.00000	0.000000	581	0	582	62956
GCfix_009804	0.11277	0.063145	0.00000	0.000000	580	0	586	63942
GCall_007709	0.11257	0.062734	0.00000	0.000000	579	0	582	63148
GCall_000414	0.11257	0.062519	0.00000	0.000000	579	0	582	62944
GCall_002038	0.11218	0.062504	0.00000	0.000000	577	0	578	62654
GCall_001164	0.11218	0.062372	0.00000	0.000000	577	0	580	62822
GCfix_004814	0.11199	0.062502	0.00000	0.000000	576	0	576	62502
GCfix_000939	0.11179	0.062246	0.00000	0.000000	575	0	578	62696
GCfix_008095	0.11160	0.062171	0.00000	0.000000	574	0	576	62440
GCfix_006194	0.11160	0.062233	0.00000	0.000000	574	0	576	62508
GCfix_005996	0.11160	0.061957	0.00000	0.000000	574	0	578	62532
GCall_004876	0.11160	0.062040	0.00000	0.000000	574	0	576	62340
GCall_008397	0.11140	0.061798	0.00000	0.000000	573	0	574	61948
GCall_010081	0.11121	0.061984	0.00000	0.000000	572	0	576	62518
GCfix_009000	0.11082	0.061845	0.00000	0.000000	570	0	574	62378
GCfix_004354	0.11082	0.061736	0.00000	0.000000	570	0	574	62270
GCall_006949	0.11082	0.061560	0.00000	0.000000	570	0	572	61790
GCfix_006872	0.11063	0.061210	0.00000	0.000000	569	0	574	61694
GCfix_005829	0.11063	0.061572	0.00000	0.000000	569	0	572	61992
GCfix_008379	0.11043	0.061514	0.00000	0.000000	568	0	570	61814
GCall_009888	0.11024	0.061665	0.00000	0.000000	567	0	572	62338
GCall_009612	0.10985	0.061064	0.00000	0.000000	565	0	566	61172
GCfix_004724	0.10927	0.060774	0.00000	0.000000	562	0	564	61032
GCall_011851	0.10927	0.060799	0.00000	0.000000	562	0	564	61068
GCfix_002975	0.10907	0.060426	0.00000	0.000000	561	0	562	60544
GCall_011248	0.10907	0.060789	0.00000	0.000000	561	0	564	61208
GCfix_001049	0.10868	0.060276	0.00000	0.000000	559	0	560	60426
GCall_009088	0.10868	0.060431	0.00000	0.000000	559	0	562	60812
GCall_008351	0.10868	0.060408	0.00000	0.000000	559	0	560	60516
GCfix_007548	0.10849	0.060374	0.00000	0.000000	558	0	562	60866
GCall_000634	0.10829	0.060300	0.00000	0.000000	557	0	560	60710
GCfix_005219	0.10810	0.060249	0.00000	0.000000	556	0	559	60664
GCall_004494	0.10791	0.060172	0.00000	0.000000	555	0	556	60322
GCfix_001630	0.10732	0.059618	0.00000	0.000000	552	0	554	59882
GCall_000900	0.10732	0.059528	0.00000	0.000000	552	0	552	59528
GCfix_002122	0.10693	0.059809	0.00000	0.000000	550	0	554	60374
GCfix_002612	0.10674	0.059508	0.00000	0.000000	549	0	550	59658
GCall_010616	0.10674	0.059250	0.00000	0.000000	549	0	550	59358
GCall_006488	0.10674	0.059399	0.00000	0.000000	549	0	552	59816
GCall_007752	0.10654	0.059233	0.00000	0.000000	548	0	550	59508
GCall_011298	0.10635	0.059212	0.00000	0.000000	547	0	548	59332
GCall_007232	0.10635	0.059264	0.00000	0.000000	547	0	552	60014
GCfix_009840	0.10577	0.058784	0.00000	0.000000	544	0	546	59052
GCfix_009774	0.10557	0.058544	0.00000	0.000000	543	0	546	58936
GCfix_007615	0.10557	0.058494	0.00000	0.000000	543	0	548	59102
GCfix_006950	0.10557	0.058622	0.00000	0.000000	543	0	544	58740
GCall_001390	0.10557	0.058227	0.00000	0.000000	543	0	545	58527
GCfix_007512	0.10538	0.058500	0.00000	0.000000	542	0	548	59298
GCall_005171	0.10538	0.058722	0.00000	0.000000	542	0	546	59290
GCall_007257	0.10518	0.058685	0.00000	0.000000	541	0	544	59070
GCall_010217	0.10499	0.058128	0.00000	0.000000	540	0	542	58428
GCall_007142	0.10499	0.058186	0.00000	0.000000	540	0	544	58712
GCall_004213	0.10499	0.058415	0.00000	0.000000	540	0	542	58680
GCall_003089	0.10421	0.057646	0.00000	0.000000	536	0	536	57646
GCfix_007930	0.10402	0.057823	0.00000	0.000000	535	0	538	58198
GCall_009905	0.10402	0.057689	0.00000	0.000000	535	0	538	58084
GCfix_002715	0.10382	0.057614	0.00000	0.000000	534	0	534	57614
GCall_007967	0.10324	0.057075	0.00000	0.000000	531	0	534	57458
GCfix_000986	0.10285	0.056934	0.00000	0.000000	529	0	532	57352
GCall_010215	0.10266	0.057236	0.00000	0.000000	528	0	530	57536
GCfix_009764	0.10207	0.056686	0.00000	0.000000	525	0	526	56804
GCfix_006793	0.10207	0.056820	0.00000	0.000000	525	0	526	56970
GCall_007076	0.10207	0.056847	0.00000	0.000000	525	0	530	57520
GCall_003527	0.10207	0.056566	0.00000	0.000000	525	0	526	56674
GCfix_010919	0.10188	0.056637	0.00000	0.000000	524	0	528	57136
GCall_005302	0.10188	0.056802	0.00000	0.000000	524	0	526	57062
GCall_010756	0.10149	0.056526	0.00000	0.000000	522	0	524	56794
GCall_005173	0.10149	0.056320	0.00000	0.000000	522	0	526	56832
GCfix_000310	0.10091	0.056176	0.00000	0.000000	519	0	522	56626
GCfix_008946	0.10071	0.055947	0.00000	0.000000	518	0	522	56502
GCall_009985	0.10071	0.056102	0.00000	0.000000	518	0	520	56402
GCall_000024	0.10052	0.055886	0.00000	0.000000	517	0	520	56270
GCfix_009980	0.10013	0.055830	0.00000	0.000000	515	0	520	56580
GCfix_000328	0.10013	0.055008	0.00000	0.000000	515	0	516	55118
GCfix_009230	0.09993	0.055527	0.00000	0.000000	514	0	520	56246
GCall_011744	0.09993	0.055497	0.00000	0.000000	514	0	516	55766
GCfix_002692	0.09974	0.055549	0.00000	0.000000	513	0	514	55668
GCfix_001349	0.09935	0.055185	0.00000	0.000000	511	0	512	55310
GCfix_008415	0.09896	0.054946	0.00000	0.000000	509	0	510	55060
GCall_001445	0.09877	0.055024	0.00000	0.000000	508	0	512	55550
GCfix_011522	0.09857	0.054799	0.00000	0.000000	507	0	508	54868
GCall_001613	0.09857	0.054815	0.00000	0.000000	507	0	510	55226
GCfix_000485	0.09838	0.054792	0.00000	0.000000	506	0	508	55052
GCall_011701	0.09838	0.054712	0.00000	0.000000	506	0	506	54712
GCall_008616	0.09780	0.054290	0.00000	0.000000	503	0	506	54740
GCall_003813	0.09760	0.054162	0.00000	0.000000	502	0	502	54162
GCall_009033	0.09721	0.054176	0.00000	0.000000	500	0	502	54476
GCfix_002051	0.09702	0.054007	0.00000	0.000000	499	0	502	54424
GCfix_001921	0.09702	0.053989	0.00000	0.000000	499	0	504	54668
GCall_011148	0.09682	0.053780	0.00000	0.000000	498	0	500	54048
GCfix_003389	0.09663	0.053575	0.00000	0.000000	497	0	500	53950
GCall_010726	0.09566	0.053415	0.00000	0.000000	492	0	494	53680
GCfix_002838	0.09507	0.053064	0.00000	0.000000	489	0	490	53214
GCall_002015	0.09488	0.052610	0.00000	0.000000	488	0	488	52610
GCall_006580	0.09468	0.052751	0.00000	0.000000	487	0	490	53166
GCfix_008380	0.09430	0.052638	0.00000	0.000000	485	0	488	53088
GCfix_006748	0.09371	0.052176	0.00000	0.000000	482	0	488	53002
GCall_010100	0.09371	0.051919	0.00000	0.000000	482	0	486	52444
GCfix_000494	0.09313	0.051952	0.00000	0.000000	479	0	482	52360
GCall_003265	0.09177	0.050776	0.00000	0.000000	472	0	474	51036
GCfix_009109	0.09138	0.050914	0.00000	0.000000	470	0	474	51474
GCfix_009836	0.09118	0.050704	0.00000	0.000000	469	0	470	50854
GCall_007574	0.09118	0.050758	0.00000	0.000000	469	0	472	51146
GCall_001837	0.09118	0.050554	0.00000	0.000000	469	0	470	50704
GCfix_007435	0.09080	0.050741	0.00000	0.000000	467	0	468	50858
GCfix_006164	0.09060	0.050414	0.00000	0.000000	466	0	468	50646
GCfix_010822	0.09002	0.050020	0.00000	0.000000	463	0	464	50138
GCall_008705	0.08982	0.050080	0.00000	0.000000	462	0	464	50348
GCall_008239	0.08982	0.050204	0.00000	0.000000	462	0	464	50504
GCall_001646	0.08982	0.049930	0.00000	0.000000	462	0	464	50230
GCall_008298	0.08924	0.049478	0.00000	0.000000	459	0	460	49628
GCall_001761	0.08924	0.049558	0.00000	0.000000	459	0	460	49708
GCfix_009530	0.08905	0.049522	0.00000	0.000000	458	0	458	49522
GCall_000918	0.08749	0.048274	0.00000	0.000000	450	0	452	48574
GCall_009976	0.08632	0.048238	0.00000	0.000000	444	0	446	48464
GCall_009466	0.08613	0.047721	0.00000	0.000000	443	0	444	47838
GCall_007245	0.08574	0.047624	0.00000	0.000000	441	0	446	48242
GCall_010980	0.08555	0.047550	0.00000	0.000000	440	0	442	47774
GCall_010694	0.08555	0.047764	0.00000	0.000000	440	0	442	48030
GCall_004607	0.08380	0.046658	0.00000	0.000000	431	0	432	46808
GCfix_007861	0.08263	0.045838	0.00000	0.000000	425	0	428	46256
GCfix_001888	0.08224	0.045756	0.00000	0.000000	423	0	430	46570
GCall_008869	0.08185	0.045388	0.00000	0.000000	421	0	422	45500
GCall_002336	0.08146	0.045235	0.00000	0.000000	419	0	422	45610
GCall_011761	0.08107	0.045107	0.00000	0.000000	417	0	420	45492
GCall_011139	0.08010	0.044434	0.00000	0.000000	412	0	412	44434
GCfix_005618	0.07913	0.043836	0.00000	0.000000	407	0	408	43954
GCall_005098	0.07894	0.043576	0.00000	0.000000	406	0	408	43768
GCfix_011289	0.07796	0.043280	0.00000	0.000000	401	0	402	43400
GCall_005623	0.07719	0.043007	0.00000	0.000000	397	0	400	43422
GCfix_003174	0.07680	0.042802	0.00000	0.000000	395	0	396	42952
GCall_005495	0.07446	0.041326	0.00000	0.000000	383	0	384	41476
GCall_005365	0.07408	0.041456	0.00000	0.000000	381	0	382	41606
GCfix_004684	0.07310	0.040443	0.00000	0.000000	376	0	378	40710
GCfix_001301	0.07252	0.040388	0.00000	0.000000	373	0	374	40538
GCfix_008283	0.07077	0.039771	0.00000	0.000000	364	0	368	40336
GCall_011555	0.07077	0.039164	0.00000	0.000000	364	0	366	39464
GCfix_007293	0.07038	0.039196	0.00000	0.000000	362	0	364	39454
GCfix_006125	0.06999	0.038746	0.00000	0.000000	360	0	360	38746
GCfix_007100	0.06902	0.038374	0.00000	0.000000	355	0	357	38674
GCall_008713	0.06824	0.038148	0.00000	0.000000	351	0	352	38298
GCfix_009409	0.06688	0.037262	0.00000	0.000000	344	0	344	37262
GCfix_008792	0.06630	0.036726	0.00000	0.000000	341	0	342	36844
GCfix_005295	0.06630	0.036693	0.00000	0.000000	341	0	342	36812
GCall_002514	0.06552	0.036544	0.00000	0.000000	337	0	338	36694
GCfix_008161	0.06513	0.036198	0.00000	0.000000	335	0	336	36348
GCfix_006716	0.06513	0.036276	0.00000	0.000000	335	0	338	36684
GCall_003168	0.06513	0.036326	0.00000	0.000000	335	0	336	36476
GCall_004934	0.06397	0.035796	0.00000	0.000000	329	0	330	35946
GCfix_008239	0.06299	0.035186	0.00000	0.000000	324	0	326	35446
GCfix_009808	0.06222	0.034570	0.00000	0.000000	320	0	320	34570
GCfix_008612	0.06163	0.034494	0.00000	0.000000	317	0	318	34644
GCfix_006488	0.06047	0.034021	0.00000	0.000000	311	0	318	35038
GCall_007775	0.06047	0.033617	0.00000	0.000000	311	0	314	33994
GCfix_010122	0.06008	0.033382	0.00000	0.000000	309	0	310	33532
GCall_003530	0.06008	0.033580	0.00000	0.000000	309	0	310	33696
GCfix_005658	0.05988	0.033566	0.00000	0.000000	308	0	308	33566
GCall_001437	0.05988	0.033248	0.00000	0.000000	308	0	308	33248
GCall_003881	0.05910	0.032700	0.00000	0.000000	304	0	306	32928
GCfix_011680	0.05872	0.032559	0.00000	0.000000	302	0	304	32796
GCall_004556	0.05852	0.032576	0.00000	0.000000	301	0	302	32726
GCall_008864	0.05774	0.032071	0.00000	0.000000	297	0	298	32188
GCfix_008175	0.05755	0.032159	0.00000	0.000000	296	0	300	32686
GCall_011691	0.05677	0.031546	0.00000	0.000000	292	0	292	31546
GCall_000946	0.05658	0.031500	0.00000	0.000000	291	0	292	31650
GCfix_006691	0.05638	0.031396	0.00000	0.000000	290	0	290	31396
GCall_000894	0.05580	0.030914	0.00000	0.000000	287	0	288	31030
GCall_011209	0.05541	0.030750	0.00000	0.000000	285	0	286	30860
GCall_008141	0.05483	0.030627	0.00000	0.000000	282	0	286	31166
GCfix_008688	0.05444	0.029042	0.00000	0.000000	280	0	282	29342
GCall_008253	0.05405	0.030108	0.00000	0.000000	278	0	278	30108
GCall_006623	0.05405	0.030098	0.00000	0.000000	278	0	278	30098
GCfix_004977	0.05366	0.029904	0.00000	0.000000	276	0	276	29904
GCfix_002516	0.05366	0.029708	0.00000	0.000000	276	0	276	29708
GCall_002611	0.05366	0.030094	0.00000	0.000000	276	0	276	30094
GCall_007852	0.05308	0.029498	0.00000	0.000000	273	0	274	29648
GCfix_001331	0.05288	0.029412	0.00000	0.000000	272	0	272	29412
GCall_006666	0.05288	0.029290	0.00000	0.000000	272	0	272	29290
GCall_005091	0.05249	0.029308	0.00000	0.000000	270	0	272	29608
GCfix_003447	0.05230	0.028896	0.00000	0.000000	269	0	272	29346
GCall_005506	0.05230	0.029164	0.00000	0.000000	269	0	270	29314
GCall_003109	0.05191	0.028772	0.00000	0.000000	267	0	268	28922
GCall_007634	0.05172	0.028808	0.00000	0.000000	266	0	266	28808
GCfix_000765	0.05152	0.028730	0.00000	0.000000	265	0	266	28850
GCall_000907	0.05133	0.028594	0.00000	0.000000	264	0	266	28894
GCall_009907	0.05094	0.028349	0.00000	0.000000	262	0	264	28588
GCfix_010076	0.05036	0.028053	0.00000	0.000000	259	0	260	28158
GCfix_007366	0.04997	0.027848	0.00000	0.000000	257	0	258	27998
GCall_000703	0.04977	0.027520	0.00000	0.000000	256	0	256	27520
GCall_000166	0.04958	0.027674	0.00000	0.000000	255	0	256	27824
GCfix_011381	0.04919	0.027287	0.00000	0.000000	253	0	256	27598
GCfix_000982	0.04919	0.027340	0.00000	0.000000	253	0	254	27490
GCall_003266	0.04919	0.027348	0.00000	0.000000	253	0	254	27498
GCall_001972	0.04919	0.027520	0.00000	0.000000	253	0	254	27638
GCall_000834	0.04899	0.027129	0.00000	0.000000	252	0	254	27404
GCfix_006932	0.04861	0.026928	0.00000	0.000000	250	0	250	26928
GCall_003537	0.04841	0.026813	0.00000	0.000000	249	0	250	26930
GCall_006946	0.04822	0.026924	0.00000	0.000000	248	0	250	27224
GCall_002020	0.04783	0.026520	0.00000	0.000000	246	0	246	26520
GCfix_003977	0.04744	0.026414	0.00000	0.000000	244	0	246	26682
GCall_005948	0.04705	0.026288	0.00000	0.000000	242	0	242	26288
GCfix_008339	0.04686	0.026136	0.00000	0.000000	241	0	242	26286
GCfix_002651	0.04666	0.025976	0.00000	0.000000	240	0	240	25976
GCall_002957	0.04647	0.025808	0.00000	0.000000	239	0	240	25958
GCfix_000069	0.04627	0.025632	0.00000	0.000000	238	0	238	25632
GCfix_003478	0.04530	0.025124	0.00000	0.000000	233	0	234	25274
GCfix_002416	0.04530	0.025111	0.00000	0.000000	233	0	236	25536
GCall_009697	0.04530	0.025358	0.00000	0.000000	233	0	234	25508
GCfix_009200	0.04511	0.025124	0.00000	0.000000	232	0	234	25382
GCall_008851	0.04511	0.025100	0.00000	0.000000	232	0	232	25100
GCfix_007078	0.04472	0.024730	0.00000	0.000000	230	0	230	24730
GCfix_000662	0.04433	0.024602	0.00000	0.000000	228	0	230	24840
GCfix_007858	0.04413	0.024184	0.00000	0.000000	227	0	228	24292
GCall_010909	0.04413	0.024525	0.00000	0.000000	227	0	228	24650
GCall_008580	0.04413	0.024532	0.00000	0.000000	227	0	230	24910
GCfix_010907	0.04355	0.024190	0.00000	0.000000	224	0	224	24190
GCfix_011795	0.04336	0.024182	0.00000	0.000000	223	0	226	24534
GCall_000752	0.04316	0.023922	0.00000	0.000000	222	0	222	23922
GCall_006561	0.04297	0.023862	0.00000	0.000000	221	0	222	23980
GCall_002734	0.04258	0.023646	0.00000	0.000000	219	0	220	23754
GCfix_001025	0.04238	0.023566	0.00000	0.000000	218	0	218	23566
GCall_001408	0.04200	0.023226	0.00000	0.000000	216	0	216	23226
GCall_006696	0.04161	0.023052	0.00000	0.000000	214	0	216	23292
GCall_002169	0.04161	0.023214	0.00000	0.000000	214	0	214	23214
GCall_004855	0.04141	0.023072	0.00000	0.000000	213	0	214	23184
GCfix_010039	0.04122	0.022869	0.00000	0.000000	212	0	214	23144
GCfix_005217	0.04122	0.022890	0.00000	0.000000	212	0	212	22890
GCall_007218	0.04122	0.022920	0.00000	0.000000	212	0	212	22920
GCall_006409	0.04122	0.022876	0.00000	0.000000	212	0	212	22876
GCall_000293	0.04122	0.022766	0.00000	0.000000	212	0	214	22962
GCfix_009246	0.04102	0.022778	0.00000	0.000000	211	0	212	22896
GCfix_008544	0.04063	0.023016	0.00000	0.000000	209	0	210	23126
GCall_006778	0.04025	0.022346	0.00000	0.000000	207	0	208	22496
GCfix_007432	0.03947	0.022052	0.00000	0.000000	203	0	204	22160
GCall_003974	0.03927	0.021800	0.00000	0.000000	202	0	202	21800
GCall_000870	0.03927	0.021966	0.00000	0.000000	202	0	202	21966
GCfix_007821	0.03850	0.021544	0.00000	0.000000	198	0	198	21544
GCfix_010019	0.03811	0.021228	0.00000	0.000000	196	0	196	21228
GCfix_007818	0.03733	0.020618	0.00000	0.000000	192	0	192	20618
GCall_002381	0.03733	0.020754	0.00000	0.000000	192	0	192	20754
GCfix_007922	0.03694	0.020399	0.00000	0.000000	190	0	194	20904
GCfix_001579	0.03694	0.023532	0.00000	0.000000	190	0	236	30402
GCfix_002865	0.03616	0.020000	0.00000	0.000000	186	0	186	20000
GCfix_010190	0.03577	0.019654	0.00000	0.000000	184	0	184	19654
GCall_007900	0.03577	0.020174	0.00000	0.000000	184	0	184	20174
GCall_009395	0.03539	0.019734	0.00000	0.000000	182	0	182	19734
GCall_003077	0.03519	0.019532	0.00000	0.000000	181	0	182	19658
GCall_000727	0.03519	0.019421	0.00000	0.000000	181	0	182	19538
GCfix_009368	0.03500	0.019412	0.00000	0.000000	180	0	180	19412
GCfix_007180	0.03500	0.019398	0.00000	0.000000	180	0	180	19398
GCall_010523	0.03480	0.019424	0.00000	0.000000	179	0	180	19532
GCfix_004846	0.03383	0.018746	0.00000	0.000000	174	0	174	18746
GCfix_002314	0.03383	0.018920	0.00000	0.000000	174	0	176	19186
GCfix_001845	0.03364	0.018670	0.00000	0.000000	173	0	174	18780
GCall_000558	0.03364	0.018667	0.00000	0.000000	173	0	174	18786
GCfix_002254	0.03325	0.018524	0.00000	0.000000	171	0	172	18642
GCall_008146	0.03325	0.018420	0.00000	0.000000	171	0	172	18570
GCall_005896	0.03325	0.018253	0.00000	0.000000	171	0	172	18370
GCfix_007384	0.03305	0.018370	0.00000	0.000000	170	0	172	18670
GCfix_007241	0.03305	0.018200	0.00000	0.000000	170	0	170	18200
GCall_010929	0.03305	0.018336	0.00000	0.000000	170	0	170	18336
GCall_004341	0.03286	0.018382	0.00000	0.000000	169	0	170	18504
GCfix_005470	0.03247	0.018142	0.00000	0.000000	167	0	168	18292
GCfix_010995	0.03227	0.017922	0.00000	0.000000	166	0	166	17922
GCall_010052	0.03227	0.017873	0.00000	0.000000	166	0	168	18100
GCall_007674	0.03227	0.017948	0.00000	0.000000	166	0	166	17948
GCall_002225	0.03227	0.018010	0.00000	0.000000	166	0	166	18010
GCfix_009922	0.03150	0.017656	0.00000	0.000000	162	0	162	17656
GCall_005618	0.03150	0.017270	0.00000	0.000000	162	0	162	17270
GCall_011111	0.03111	0.017044	0.00000	0.000000	160	0	162	17310
GCall_006569	0.03072	0.017078	0.00000	0.000000	158	0	158	17078
GCfix_011629	0.03014	0.016770	0.00000	0.000000	155	0	156	16878
GCfix_001523	0.03014	0.016740	0.00000	0.000000	155	0	156	16890
GCfix_000253	0.03014	0.016912	0.00000	0.000000	155	0	156	17062
GCall_002565	0.02955	0.016552	0.00000	0.000000	152	0	152	16552
GCfix_005294	0.02916	0.016090	0.00000	0.000000	150	0	150	16090
GCall_004890	0.02897	0.016197	0.00000	0.000000	149	0	150	16312
GCfix_005845	0.02877	0.015874	0.00000	0.000000	148	0	148	15874
GCfix_000501	0.02877	0.016044	0.00000	0.000000	148	0	148	16044
GCall_006291	0.02877	0.015954	0.00000	0.000000	148	0	148	15954
GCfix_005488	0.02761	0.015222	0.00000	0.000000	142	0	142	15222
GCall_009163	0.02722	0.015100	0.00000	0.000000	140	0	140	15100
GCall_006679	0.02722	0.015210	0.00000	0.000000	140	0	144	15746
GCfix_001466	0.02702	0.015004	0.00000	0.000000	139	0	140	15116
GCfix_005482	0.02683	0.014903	0.00000	0.000000	138	0	140	15162
GCfix_009515	0.02664	0.014661	0.00000	0.000000	137	0	138	14786
GCfix_002364	0.02664	0.014679	0.00000	0.000000	137	0	138	14696
GCfix_010226	0.02625	0.014459	0.00000	0.000000	135	0	136	14576
GCfix_010027	0.02586	0.014275	0.00000	0.000000	133	0	134	14390
GCfix_006284	0.02586	0.014418	0.00000	0.000000	133	0	134	14568
GCfix_008210	0.02547	0.014072	0.00000	0.000000	131	0	132	14188
GCall_009332	0.02547	0.014136	0.00000	0.000000	131	0	132	14254
GCfix_002984	0.02528	0.014014	0.00000	0.000000	130	0	130	14014
GCall_007645	0.02528	0.014088	0.00000	0.000000	130	0	130	14088
GCall_005716	0.02508	0.013834	0.00000	0.000000	129	0	130	13944
GCfix_001327	0.02430	0.013510	0.00000	0.000000	125	0	126	13660
GCall_008498	0.02430	0.013560	0.00000	0.000000	125	0	126	13674
GCfix_004325	0.02391	0.013324	0.00000	0.000000	123	0	124	13474
GCfix_006223	0.02333	0.013049	0.00000	0.000000	120	0	122	13282
GCfix_002463	0.02333	0.012926	0.00000	0.000000	120	0	120	12926
GCall_002046	0.02333	0.013024	0.00000	0.000000	120	0	122	13324
GCall_003420	0.02275	0.012714	0.00000	0.000000	117	0	118	12864
GCall_008824	0.02255	0.012512	0.00000	0.000000	116	0	116	12512
GCall_002159	0.02255	0.012360	0.00000	0.000000	116	0	116	12360
GCall_010490	0.02178	0.012084	0.00000	0.000000	112	0	112	12084
GCall_001267	0.02139	0.011942	0.00000	0.000000	110	0	110	11942
GCall_002345	0.02119	0.011722	0.00000	0.000000	109	0	110	11872
GCfix_009379	0.02061	0.011318	0.00000	0.000000	106	0	106	11318
GCall_010467	0.02061	0.011434	0.00000	0.000000	106	0	106	11434
GCall_009637	0.02041	0.011352	0.00000	0.000000	105	0	106	11462
GCfix_011090	0.01905	0.010576	0.00000	0.000000	98	0	98	10576
GCfix_007077	0.01905	0.010534	0.00000	0.000000	98	0	98	10534
GCfix_008952	0.01886	0.010492	0.00000	0.000000	97	0	98	10608
GCfix_008425	0.01886	0.010496	0.00000	0.000000	97	0	98	10646
GCall_002631	0.01886	0.010509	0.00000	0.000000	97	0	98	10628
GCfix_006640	0.01866	0.010362	0.00000	0.000000	96	0	96	10362
GCfix_010300	0.01847	0.010226	0.00000	0.000000	95	0	96	10376
GCfix_009278	0.01828	0.010064	0.00000	0.000000	94	0	94	10064
GCall_008335	0.01828	0.010062	0.00000	0.000000	94	0	94	10062
GCall_000431	0.01828	0.010222	0.00000	0.000000	94	0	94	10222
GCall_010229	0.01789	0.009920	0.00000	0.000000	92	0	92	9920
GCall_001387	0.01789	0.009990	0.00000	0.000000	92	0	92	9990
GCfix_008116	0.01750	0.009814	0.00000	0.000000	90	0	90	9814
GCfix_003591	0.01750	0.009674	0.00000	0.000000	90	0	90	9674
GCfix_002482	0.01750	0.009740	0.00000	0.000000	90	0	90	9740
GCfix_002268	0.01750	0.009710	0.00000	0.000000	90	0	90	9710
GCfix_000468	0.01750	0.009718	0.00000	0.000000	90	0	90	9718
GCfix_000026	0.01730	0.009602	0.00000	0.000000	89	0	90	9710
GCall_009362	0.01711	0.009436	0.00000	0.000000	88	0	88	9436
GCfix_006032	0.01691	0.009418	0.00000	0.000000	87	0	88	9568
GCall_001158	0.01691	0.009508	0.00000	0.000000	87	0	88	9658
GCall_009972	0.01672	0.009176	0.00000	0.000000	86	0	86	9176
GCall_009970	0.01672	0.009282	0.00000	0.000000	86	0	86	9282
GCall_002500	0.01653	0.009172	0.00000	0.000000	85	0	86	9322
GCfix_001959	0.01633	0.009066	0.00000	0.000000	84	0	84	9066
GCfix_009699	0.01594	0.008810	0.00000	0.000000	82	0	82	8810
GCall_004880	0.01594	0.008928	0.00000	0.000000	82	0	82	8928
GCall_000765	0.01594	0.008752	0.00000	0.000000	82	0	82	8752
GCall_001380	0.01555	0.008496	0.00000	0.000000	80	0	80	8496
GCall_000123	0.01555	0.008588	0.00000	0.000000	80	0	80	8588
GCall_010305	0.01536	0.008391	0.00000	0.000000	79	0	80	8508
GCfix_001713	0.01458	0.007954	0.00000	0.000000	75	0	75	7954
GCall_004087	0.01439	0.007970	0.00000	0.000000	74	0	74	7970
GCfix_011128	0.01361	0.007504	0.00000	0.000000	70	0	70	7504
GCfix_008279	0.01361	0.007442	0.00000	0.000000	70	0	70	7442
GCfix_001044	0.01361	0.007540	0.00000	0.000000	70	0	70	7540
GCfix_009039	0.01322	0.007322	0.00000	0.000000	68	0	68	7322
GCfix_008651	0.01322	0.007424	0.00000	0.000000	68	0	68	7424
GCfix_002438	0.01322	0.007332	0.00000	0.000000	68	0	68	7332
GCall_008497	0.01322	0.007336	0.00000	0.000000	68	0	68	7336
GCall_005457	0.01322	0.007417	0.00000	0.000000	68	0	70	7650
GCfix_010952	0.01244	0.006904	0.00000	0.000000	64	0	64	6904
GCfix_008781	0.01244	0.006908	0.00000	0.000000	64	0	64	6908
GCall_006793	0.01225	0.006766	0.00000	0.000000	63	0	64	6916
GCall_005335	0.01225	0.006754	0.00000	0.000000	63	0	64	6904
GCfix_010181	0.01205	0.006624	0.00000	0.000000	62	0	62	6624
GCfix_006416	0.01167	0.006480	0.00000	0.000000	60	0	60	6480
GCall_010222	0.01128	0.006234	0.00000	0.000000	58	0	58	6234
GCfix_007281	0.01108	0.006175	0.00000	0.000000	57	0	58	6292
GCfix_009742	0.01089	0.005908	0.00000	0.000000	56	0	56	5908
GCall_003959	0.01089	0.005934	0.00000	0.000000	56	0	56	5934
GCall_004501	0.01069	0.005932	0.00000	0.000000	55	0	56	6040
GCall_005095	0.01050	0.005790	0.00000	0.000000	54	0	54	5790
GCall_002199	0.01050	0.005678	0.00000	0.000000	54	0	54	5678
GCfix_010325	0.01030	0.005618	0.00000	0.000000	53	0	54	5768
GCall_001015	0.01030	0.005712	0.00000	0.000000	53	0	54	5862
GCfix_000183	0.01011	0.005526	0.00000	0.000000	52	0	52	5526
GCfix_006557	0.00972	0.005400	0.00000	0.000000	50	0	50	5400
GCall_005641	0.00972	0.005238	0.00000	0.000000	50	0	50	5238
GCfix_003752	0.00933	0.005170	0.00000	0.000000	48	0	48	5170
GCall_011870	0.00933	0.005184	0.00000	0.000000	48	0	48	5184
GCfix_011811	0.00894	0.004968	0.00000	0.000000	46	0	46	4968
GCfix_003507	0.00894	0.004960	0.00000	0.000000	46	0	46	4960
GCall_005901	0.00894	0.004966	0.00000	0.000000	46	0	46	4966
GCall_011987	0.00855	0.004764	0.00000	0.000000	44	0	44	4764
GCall_011257	0.00855	0.004740	0.00000	0.000000	44	0	44	4740
GCfix_009551	0.00817	0.004492	0.00000	0.000000	42	0	42	4492
GCfix_001024	0.00817	0.004616	0.00000	0.000000	42	0	42	4616
GCfix_004141	0.00778	0.004314	0.00000	0.000000	40	0	40	4314
GCfix_002913	0.00778	0.004400	0.00000	0.000000	40	0	40	4400
GCall_005534	0.00778	0.004314	0.00000	0.000000	40	0	40	4314
GCfix_008301	0.00739	0.003622	0.00000	0.000000	38	0	38	3622
GCfix_003988	0.00739	0.004104	0.00000	0.000000	38	0	38	4104
GCfix_003707	0.00739	0.003968	0.00000	0.000000	38	0	38	3968
GCfix_003441	0.00739	0.004102	0.00000	0.000000	38	0	38	4102
GCfix_001516	0.00739	0.004104	0.00000	0.000000	38	0	38	4104
GCfix_008068	0.00700	0.003872	0.00000	0.000000	36	0	36	3872
GCfix_001324	0.00700	0.003880	0.00000	0.000000	36	0	36	3880
GCfix_000386	0.00661	0.003664	0.00000	0.000000	34	0	34	3664
GCall_002851	0.00661	0.003662	0.00000	0.000000	34	0	34	3662
GCall_004301	0.00642	0.003592	0.00000	0.000000	33	0	34	3742
GCfix_010724	0.00622	0.003276	0.00000	0.000000	32	0	32	3276
GCall_007891	0.00622	0.003448	0.00000	0.000000	32	0	32	3448
GCall_006119	0.00622	0.003364	0.00000	0.000000	32	0	32	3364
GCfix_001377	0.00564	0.003256	0.00000	0.000000	29	0	30	3406
GCfix_001590	0.00544	0.003022	0.00000	0.000000	28	0	28	3022
GCall_003056	0.00544	0.003022	0.00000	0.000000	28	0	28	3022
GCall_000070	0.00525	0.003078	0.00000	0.000000	27	0	28	3228
GCfix_002262	0.00506	0.002782	0.00000	0.000000	26	0	26	2782
GCfix_001592	0.00506	0.002724	0.00000	0.000000	26	0	26	2724
GCall_009953	0.00506	0.002688	0.00000	0.000000	26	0	26	2688
GCall_006159	0.00506	0.002706	0.00000	0.000000	26	0	26	2706
GCfix_006994	0.00467	0.002588	0.00000	0.000000	24	0	24	2588
GCall_011896	0.00467	0.002598	0.00000	0.000000	24	0	24	2598
GCall_002145	0.00467	0.002588	0.00000	0.000000	24	0	24	2588
GCfix_001733	0.00428	0.002374	0.00000	0.000000	22	0	22	2374
GCall_009316	0.00428	0.002376	0.00000	0.000000	22	0	22	2376
GCall_008392	0.00428	0.002318	0.00000	0.000000	22	0	22	2318
GCfix_004694	0.00408	0.002292	0.00000	0.000000	21	0	22	2442
GCall_000432	0.00389	0.002160	0.00000	0.000000	20	0	20	2160
GCfix_008322	0.00350	0.001918	0.00000	0.000000	18	0	18	1918
GCfix_006390	0.00350	0.001944	0.00000	0.000000	18	0	18	1944
GCall_011014	0.00350	0.001508	0.00000	0.000000	18	0	18	1508
GCall_009992	0.00350	0.001944	0.00000	0.000000	18	0	18	1944
GCall_009296	0.00350	0.001940	0.00000	0.000000	18	0	18	1940
GCfix_003449	0.00311	0.001720	0.00000	0.000000	16	0	16	1720
GCfix_009101	0.00272	0.001362	0.00000	0.000000	14	0	14	1362
GCall_002469	0.00272	0.001512	0.00000	0.000000	14	0	14	1512
GCall_000198	0.00272	0.001502	0.00000	0.000000	14	0	14	1502
GCfix_008713	0.00233	0.001296	0.00000	0.000000	12	0	12	1296
GCall_011580	0.00233	0.001294	0.00000	0.000000	12	0	12	1294
GCall_011493	0.00233	0.001286	0.00000	0.000000	12	0	12	1286
GCall_009982	0.00233	0.001268	0.00000	0.000000	12	0	12	1268
GCall_005548	0.00233	0.001034	0.00000	0.000000	12	0	12	1034
GCall_005373	0.00233	0.001294	0.00000	0.000000	12	0	12	1294
GCall_002398	0.00233	0.001296	0.00000	0.000000	12	0	12	1296
GCfix_005514	0.00194	0.001164	0.00000	0.000000	10	0	10	1164
GCfix_002761	0.00194	0.001080	0.00000	0.000000	10	0	10	1080
GCfix_000658	0.00194	0.000930	0.00000	0.000000	10	0	10	930
GCall_005794	0.00194	0.001080	0.00000	0.000000	10	0	10	1080
GCfix_008854	0.00156	0.000800	0.00000	0.000000	8	0	8	800
GCfix_006675	0.00156	0.000766	0.00000	0.000000	8	0	8	766
GCfix_006126	0.00156	0.000862	0.00000	0.000000	8	0	8	862
GCfix_002574	0.00156	0.000746	0.00000	0.000000	8	0	8	746
GCfix_000338	0.00156	0.000860	0.00000	0.000000	8	0	8	860
GCall_010432	0.00156	0.000862	0.00000	0.000000	8	0	8	862
GCall_001350	0.00156	0.000782	0.00000	0.000000	8	0	8	782
GCfix_010726	0.00117	0.000648	0.00000	0.000000	6	0	6	648
GCfix_003914	0.00117	0.000648	0.00000	0.000000	6	0	6	648
GCfix_003525	0.00117	0.000648	0.00000	0.000000	6	0	6	648
GCall_006538	0.00117	0.000648	0.00000	0.000000	6	0	6	648
GCall_003582	0.00117	0.000646	0.00000	0.000000	6	0	6	646
GCall_002337	0.00117	0.000670	0.00000	0.000000	6	0	6	670
GCall_001874	0.00117	0.000732	0.00000	0.000000	6	0	6	732
GCall_001492	0.00117	0.000644	0.00000	0.000000	6	0	6	644
GCfix_006234	0.00078	0.000402	0.00000	0.000000	4	0	4	402
GCfix_005042	0.00078	0.000420	0.00000	0.000000	4	0	4	420
GCfix_001405	0.00078	0.000428	0.00000	0.000000	4	0	4	428
GCfix_000276	0.00078	0.000408	0.00000	0.000000	4	0	4	408
GCfix_000120	0.00078	0.000432	0.00000	0.000000	4	0	4	432
GCall_009807	0.00078	0.000432	0.00000	0.000000	4	0	4	432
GCfix_008711	0.00039	0.000212	0.00000	0.000000	2	0	2	212
GCfix_000666	0.00039	0.000214	0.00000	0.000000	2	0	2	214
GCall_007813	0.00039	0.000212	0.00000	0.000000	2	0	2	212
GCall_006686	0.00039	0.000196	0.00000	0.000000	2	0	2	196
