#name	%unambiguousReads	unambiguousMB	%ambiguousReads	ambiguousMB	unambiguousReads	ambiguousReads	assignedReads	assignedBases
GCfix_000952	0.54542	0.258350	0.00000	0.000000	3162	0	3188	260702
GCfix_000358	0.20699	0.129561	0.00000	0.000000	1200	0	1204	130126
GCfix_000188	0.20285	0.127056	0.00000	0.000000	1176	0	1180	127550
GCall_010977	0.19992	0.125436	0.00000	0.000000	1159	0	1164	126116
GCall_001851	0.19871	0.124884	0.00000	0.000000	1152	0	1162	126310
GCfix_006745	0.19819	0.125650	0.00000	0.000000	1149	0	1152	126100
GCfix_010893	0.19802	0.124662	0.00000	0.000000	1148	0	1152	125158
GCall_008070	0.19543	0.122632	0.00000	0.000000	1133	0	1142	123918
GCall_011687	0.19491	0.122337	0.00000	0.000000	1130	0	1140	123768
GCall_008247	0.19371	0.121228	0.00000	0.000000	1123	0	1130	122058
GCall_004481	0.19267	0.120952	0.00000	0.000000	1117	0	1120	121402
GCall_004788	0.19250	0.120852	0.00000	0.000000	1116	0	1122	121610
GCall_004019	0.19250	0.120794	0.00000	0.000000	1116	0	1124	121852
GCfix_004391	0.19198	0.121503	0.00000	0.000000	1113	0	1128	123572
GCfix_010983	0.19164	0.120736	0.00000	0.000000	1111	0	1120	122018
GCall_004122	0.19129	0.119547	0.00000	0.000000	1109	0	1116	120448
GCall_007723	0.19077	0.121480	0.00000	0.000000	1106	0	1122	123846
GCall_010027	0.19043	0.119504	0.00000	0.000000	1104	0	1106	119762
GCfix_003152	0.19026	0.119399	0.00000	0.000000	1103	0	1108	120042
GCfix_010341	0.19008	0.118994	0.00000	0.000000	1102	0	1104	119294
GCall_010123	0.18888	0.119016	0.00000	0.000000	1095	0	1100	119662
GCfix_011728	0.18853	0.118443	0.00000	0.000000	1093	0	1102	119760
GCfix_007747	0.18784	0.117755	0.00000	0.000000	1089	0	1094	118440
GCfix_005569	0.18629	0.116840	0.00000	0.000000	1080	0	1084	117406
GCall_003884	0.18577	0.116607	0.00000	0.000000	1077	0	1090	118290
GCfix_002655	0.18560	0.116607	0.00000	0.000000	1076	0	1082	117352
GCfix_000022	0.18525	0.115727	0.00000	0.000000	1074	0	1086	117210
GCfix_002804	0.18508	0.116045	0.00000	0.000000	1073	0	1078	116686
GCall_010349	0.18491	0.116142	0.00000	0.000000	1072	0	1078	116972
GCfix_009103	0.18422	0.115544	0.00000	0.000000	1068	0	1072	116110
GCfix_008874	0.18422	0.115704	0.00000	0.000000	1068	0	1078	116938
GCall_007731	0.18422	0.115447	0.00000	0.000000	1068	0	1074	116314
GCall_006378	0.18422	0.115351	0.00000	0.000000	1068	0	1072	115918
GCfix_006134	0.18405	0.115987	0.00000	0.000000	1067	0	1074	116928
GCfix_010422	0.18215	0.114088	0.00000	0.000000	1056	0	1060	114688
GCall_006242	0.18198	0.114626	0.00000	0.000000	1055	0	1064	115802
GCall_005056	0.18163	0.113553	0.00000	0.000000	1053	0	1058	114240
GCall_001371	0.18060	0.113324	0.00000	0.000000	1047	0	1050	113774
GCfix_001910	0.18025	0.113111	0.00000	0.000000	1045	0	1054	114396
GCall_009880	0.17991	0.113002	0.00000	0.000000	1043	0	1054	114404
GCfix_006160	0.17974	0.112628	0.00000	0.000000	1042	0	1048	113446
GCfix_002813	0.17870	0.112006	0.00000	0.000000	1036	0	1046	113294
GCall_000069	0.17870	0.111958	0.00000	0.000000	1036	0	1042	112818
GCfix_011331	0.17853	0.112223	0.00000	0.000000	1035	0	1042	113204
GCfix_005299	0.17818	0.111972	0.00000	0.000000	1033	0	1040	112886
GCfix_011443	0.17732	0.110983	0.00000	0.000000	1028	0	1038	112222
GCall_000576	0.17732	0.111506	0.00000	0.000000	1028	0	1036	112610
GCall_001472	0.17646	0.110637	0.00000	0.000000	1023	0	1026	111054
GCfix_001510	0.17611	0.110789	0.00000	0.000000	1021	0	1028	111804
GCfix_008609	0.17577	0.110491	0.00000	0.000000	1019	0	1022	110876
GCall_001634	0.17560	0.110199	0.00000	0.000000	1018	0	1026	111294
GCall_009919	0.17508	0.110075	0.00000	0.000000	1015	0	1026	111474
GCall_008872	0.17508	0.109971	0.00000	0.000000	1015	0	1018	110386
GCfix_011827	0.17473	0.109432	0.00000	0.000000	1013	0	1018	110182
GCall_006262	0.17473	0.108896	0.00000	0.000000	1013	0	1016	109346
GCall_003050	0.17456	0.108881	0.00000	0.000000	1012	0	1016	109372
GCall_002983	0.17422	0.109272	0.00000	0.000000	1010	0	1014	109840
GCfix_008217	0.17370	0.109076	0.00000	0.000000	1007	0	1016	110280
GCall_005107	0.17335	0.108067	0.00000	0.000000	1005	0	1014	109234
GCfix_011918	0.17284	0.108508	0.00000	0.000000	1002	0	1008	109334
GCall_004436	0.17284	0.108241	0.00000	0.000000	1002	0	1008	109034
GCfix_007750	0.17266	0.108211	0.00000	0.000000	1001	0	1006	108896
GCall_006134	0.17266	0.108973	0.00000	0.000000	1001	0	1012	110588
GCall_000296	0.17266	0.107948	0.00000	0.000000	1001	0	1006	108698
GCfix_000352	0.17249	0.108200	0.00000	0.000000	1000	0	1010	109604
GCall_010770	0.17249	0.108238	0.00000	0.000000	1000	0	1004	108838
GCall_010833	0.17215	0.108049	0.00000	0.000000	998	0	1006	109148
GCall_004064	0.17197	0.107914	0.00000	0.000000	997	0	1000	108292
GCall_002279	0.17180	0.107246	0.00000	0.000000	996	0	1000	107846
GCfix_011715	0.17163	0.107734	0.00000	0.000000	995	0	1000	108484
GCfix_006706	0.17146	0.107167	0.00000	0.000000	994	0	1000	107882
GCall_004897	0.17146	0.107267	0.00000	0.000000	994	0	1000	108016
GCall_009723	0.17094	0.107159	0.00000	0.000000	991	0	994	107576
GCfix_011094	0.17059	0.107750	0.00000	0.000000	989	0	994	108466
GCfix_009248	0.17059	0.107125	0.00000	0.000000	989	0	994	107696
GCall_002180	0.17059	0.107200	0.00000	0.000000	989	0	998	108508
GCfix_003352	0.17042	0.107072	0.00000	0.000000	988	0	992	107632
GCall_010142	0.17042	0.106523	0.00000	0.000000	988	0	992	107006
GCall_009241	0.17042	0.109516	0.00000	0.000000	988	0	998	111016
GCfix_007049	0.17025	0.106972	0.00000	0.000000	987	0	992	107618
GCfix_006285	0.17008	0.106878	0.00000	0.000000	986	0	990	107478
GCfix_002038	0.16990	0.106271	0.00000	0.000000	985	0	990	106956
GCall_010748	0.16973	0.106346	0.00000	0.000000	984	0	990	107182
GCall_006870	0.16973	0.106378	0.00000	0.000000	984	0	988	106868
GCall_009439	0.16956	0.106300	0.00000	0.000000	983	0	984	106450
GCfix_009472	0.16939	0.106472	0.00000	0.000000	982	0	988	107338
GCfix_008722	0.16921	0.105804	0.00000	0.000000	981	0	982	105918
GCfix_005555	0.16870	0.105597	0.00000	0.000000	978	0	984	106464
GCall_006217	0.16766	0.105418	0.00000	0.000000	972	0	982	106810
GCfix_005060	0.16714	0.105230	0.00000	0.000000	969	0	976	106166
GCfix_002669	0.16697	0.104801	0.00000	0.000000	968	0	976	105850
GCfix_007349	0.16680	0.105047	0.00000	0.000000	967	0	976	106178
GCall_003518	0.16663	0.104418	0.00000	0.000000	966	0	974	105476
GCfix_004267	0.16645	0.104555	0.00000	0.000000	965	0	970	105152
GCfix_009205	0.16628	0.104688	0.00000	0.000000	964	0	968	105222
GCfix_003565	0.16611	0.104242	0.00000	0.000000	963	0	970	105184
GCall_009124	0.16611	0.103798	0.00000	0.000000	963	0	968	104468
GCall_009239	0.16594	0.103804	0.00000	0.000000	962	0	970	104832
GCfix_003151	0.16559	0.103835	0.00000	0.000000	960	0	968	104886
GCall_006695	0.16559	0.104226	0.00000	0.000000	960	0	962	104526
GCall_003002	0.16559	0.103604	0.00000	0.000000	960	0	964	104176
GCfix_004361	0.16542	0.103780	0.00000	0.000000	959	0	962	104230
GCfix_005405	0.16525	0.103834	0.00000	0.000000	958	0	964	104610
GCfix_004773	0.16525	0.104208	0.00000	0.000000	958	0	966	105368
GCall_000282	0.16507	0.103612	0.00000	0.000000	957	0	960	104028
GCfix_002088	0.16490	0.103214	0.00000	0.000000	956	0	958	103514
GCall_009628	0.16473	0.103371	0.00000	0.000000	955	0	960	104090
GCfix_001628	0.16456	0.103215	0.00000	0.000000	954	0	958	103750
GCfix_009343	0.16438	0.103224	0.00000	0.000000	953	0	958	103870
GCfix_006258	0.16438	0.103043	0.00000	0.000000	953	0	958	103676
GCall_000331	0.16369	0.102672	0.00000	0.000000	949	0	954	103386
GCfix_009378	0.16335	0.102314	0.00000	0.000000	947	0	950	102666
GCall_000208	0.16318	0.102219	0.00000	0.000000	946	0	954	103322
GCfix_004976	0.16300	0.102352	0.00000	0.000000	945	0	946	102502
GCfix_003584	0.16300	0.102236	0.00000	0.000000	945	0	948	102620
GCall_005460	0.16283	0.101578	0.00000	0.000000	944	0	948	102178
GCfix_010475	0.16249	0.101852	0.00000	0.000000	942	0	946	102296
GCfix_007505	0.16249	0.101793	0.00000	0.000000	942	0	946	102360
GCall_010902	0.16249	0.102017	0.00000	0.000000	942	0	950	103052
GCall_010506	0.16249	0.101475	0.00000	0.000000	942	0	946	102036
GCall_010314	0.16249	0.101455	0.00000	0.000000	942	0	950	102472
GCfix_001509	0.16231	0.101454	0.00000	0.000000	941	0	950	102664
GCfix_010598	0.16214	0.101664	0.00000	0.000000	940	0	946	102440
GCfix_006220	0.16180	0.101234	0.00000	0.000000	938	0	940	101502
GCall_008190	0.16180	0.101438	0.00000	0.000000	938	0	940	101704
GCall_004773	0.16180	0.101147	0.00000	0.000000	938	0	946	102234
GCall_011608	0.16162	0.101458	0.00000	0.000000	937	0	940	101866
GCall_009882	0.16162	0.101040	0.00000	0.000000	937	0	942	101718
GCfix_004825	0.16145	0.101111	0.00000	0.000000	936	0	944	102164
GCfix_006512	0.16128	0.101361	0.00000	0.000000	935	0	944	102562
GCall_004442	0.16111	0.101108	0.00000	0.000000	934	0	940	101940
GCfix_008578	0.16093	0.100738	0.00000	0.000000	933	0	942	101980
GCfix_003461	0.16093	0.100946	0.00000	0.000000	933	0	936	101364
GCall_008912	0.16093	0.100634	0.00000	0.000000	933	0	940	101650
GCall_005210	0.16093	0.100896	0.00000	0.000000	933	0	936	101244
GCfix_002883	0.16059	0.100506	0.00000	0.000000	931	0	936	101188
GCfix_000287	0.16059	0.100848	0.00000	0.000000	931	0	934	101298
GCall_006853	0.16059	0.100717	0.00000	0.000000	931	0	938	101702
GCall_006257	0.16059	0.101055	0.00000	0.000000	931	0	942	102526
GCall_004953	0.16059	0.100340	0.00000	0.000000	931	0	936	101058
GCfix_010596	0.16042	0.101074	0.00000	0.000000	930	0	938	102170
GCfix_004470	0.16042	0.100503	0.00000	0.000000	930	0	934	100996
GCfix_003248	0.16042	0.100450	0.00000	0.000000	930	0	934	100984
GCall_011080	0.16024	0.100104	0.00000	0.000000	929	0	934	100780
GCfix_000590	0.16007	0.100298	0.00000	0.000000	928	0	932	100784
GCall_002161	0.15973	0.100133	0.00000	0.000000	926	0	930	100616
GCfix_008919	0.15955	0.100920	0.00000	0.000000	925	0	940	102880
GCall_000632	0.15955	0.100078	0.00000	0.000000	925	0	928	100494
GCfix_008370	0.15938	0.100036	0.00000	0.000000	924	0	926	100336
GCfix_005235	0.15938	0.099604	0.00000	0.000000	924	0	928	100204
GCfix_005815	0.15921	0.100231	0.00000	0.000000	923	0	930	101176
GCfix_003924	0.15921	0.099391	0.00000	0.000000	923	0	928	100076
GCall_008380	0.15921	0.099806	0.00000	0.000000	923	0	928	100556
GCall_005748	0.15921	0.099646	0.00000	0.000000	923	0	930	100666
GCfix_011884	0.15904	0.099819	0.00000	0.000000	922	0	928	100652
GCfix_011877	0.15904	0.099920	0.00000	0.000000	922	0	926	100456
GCfix_005933	0.15869	0.099727	0.00000	0.000000	920	0	924	100264
GCall_002482	0.15869	0.099426	0.00000	0.000000	920	0	932	100978
GCfix_010086	0.15852	0.099340	0.00000	0.000000	919	0	922	99790
GCall_008310	0.15852	0.099298	0.00000	0.000000	919	0	924	100014
GCfix_002677	0.15817	0.099001	0.00000	0.000000	917	0	920	99330
GCfix_009851	0.15800	0.098707	0.00000	0.000000	916	0	920	99274
GCall_006502	0.15800	0.099250	0.00000	0.000000	916	0	918	99550
GCall_005872	0.15800	0.099114	0.00000	0.000000	916	0	920	99638
GCall_003968	0.15800	0.098811	0.00000	0.000000	916	0	922	99608
GCfix_004183	0.15783	0.098989	0.00000	0.000000	915	0	920	99558
GCfix_000668	0.15783	0.099050	0.00000	0.000000	915	0	922	100068
GCfix_004076	0.15766	0.098858	0.00000	0.000000	914	0	918	99390
GCfix_002652	0.15766	0.098915	0.00000	0.000000	914	0	918	99442
GCfix_001586	0.15766	0.099101	0.00000	0.000000	914	0	920	99894
GCall_011861	0.15766	0.098940	0.00000	0.000000	914	0	920	99676
GCall_010649	0.15766	0.099122	0.00000	0.000000	914	0	920	99916
GCall_007615	0.15766	0.098533	0.00000	0.000000	914	0	918	99060
GCall_000860	0.15766	0.099034	0.00000	0.000000	914	0	918	99558
GCall_008236	0.15748	0.098899	0.00000	0.000000	913	0	920	99844
GCfix_002162	0.15679	0.098086	0.00000	0.000000	909	0	914	98764
GCall_005469	0.15679	0.098080	0.00000	0.000000	909	0	914	98798
GCall_002628	0.15662	0.098205	0.00000	0.000000	908	0	916	99236
GCall_004867	0.15645	0.098442	0.00000	0.000000	907	0	914	99394
GCfix_009396	0.15628	0.096956	0.00000	0.000000	906	0	910	97410
GCall_004468	0.15610	0.097259	0.00000	0.000000	905	0	910	97928
GCall_001919	0.15593	0.097802	0.00000	0.000000	904	0	910	98570
GCfix_007507	0.15576	0.098014	0.00000	0.000000	903	0	910	99000
GCfix_005310	0.15576	0.097837	0.00000	0.000000	903	0	906	98246
GCall_007835	0.15576	0.097872	0.00000	0.000000	903	0	912	99022
GCall_006762	0.15559	0.097920	0.00000	0.000000	902	0	904	98220
GCall_000439	0.15559	0.097715	0.00000	0.000000	902	0	906	98242
GCall_001167	0.15524	0.097404	0.00000	0.000000	900	0	906	98162
GCfix_009875	0.15507	0.097163	0.00000	0.000000	899	0	902	97580
GCfix_009734	0.15507	0.096949	0.00000	0.000000	899	0	904	97630
GCall_010815	0.15438	0.096916	0.00000	0.000000	895	0	898	97332
GCfix_002912	0.15403	0.096690	0.00000	0.000000	893	0	898	97398
GCall_005749	0.15403	0.096674	0.00000	0.000000	893	0	898	97358
GCall_005676	0.15403	0.096968	0.00000	0.000000	893	0	904	98548
GCall_004960	0.15403	0.096562	0.00000	0.000000	893	0	896	96938
GCfix_011057	0.15386	0.096880	0.00000	0.000000	892	0	900	97978
GCfix_009936	0.15386	0.096516	0.00000	0.000000	892	0	896	97086
GCall_006461	0.15386	0.096801	0.00000	0.000000	892	0	898	97596
GCfix_009581	0.15369	0.096456	0.00000	0.000000	891	0	898	97410
GCall_007688	0.15369	0.096413	0.00000	0.000000	891	0	896	97090
GCfix_007138	0.15352	0.096674	0.00000	0.000000	890	0	894	97242
GCall_003292	0.15334	0.095942	0.00000	0.000000	889	0	892	96392
GCall_004995	0.15317	0.095809	0.00000	0.000000	888	0	892	96328
GCfix_009767	0.15265	0.095933	0.00000	0.000000	885	0	892	96882
GCall_007045	0.15265	0.095876	0.00000	0.000000	885	0	890	96520
GCall_007684	0.15248	0.095850	0.00000	0.000000	884	0	888	96424
GCfix_007733	0.15214	0.096054	0.00000	0.000000	882	0	886	96612
GCall_010169	0.15214	0.095057	0.00000	0.000000	882	0	890	96102
GCall_006830	0.15214	0.095132	0.00000	0.000000	882	0	888	95898
GCfix_005155	0.15196	0.095673	0.00000	0.000000	881	0	888	96554
GCall_000173	0.15179	0.094874	0.00000	0.000000	880	0	884	95400
GCfix_011936	0.15127	0.095390	0.00000	0.000000	877	0	878	95540
GCall_008868	0.15127	0.094800	0.00000	0.000000	877	0	880	95218
GCfix_000077	0.15110	0.094874	0.00000	0.000000	876	0	884	95932
GCall_002924	0.15110	0.095034	0.00000	0.000000	876	0	878	95334
GCfix_000710	0.15093	0.094679	0.00000	0.000000	875	0	882	95596
GCall_005062	0.15093	0.094590	0.00000	0.000000	875	0	880	95190
GCall_001525	0.15093	0.094968	0.00000	0.000000	875	0	882	95936
GCfix_001892	0.15058	0.094602	0.00000	0.000000	873	0	884	96078
GCall_011151	0.15024	0.094402	0.00000	0.000000	871	0	876	95084
GCfix_005505	0.14989	0.093808	0.00000	0.000000	869	0	872	94258
GCfix_000661	0.14989	0.093466	0.00000	0.000000	869	0	872	93810
GCall_009233	0.14989	0.094354	0.00000	0.000000	869	0	872	94804
GCall_003038	0.14989	0.094176	0.00000	0.000000	869	0	876	95074
GCall_011315	0.14972	0.093793	0.00000	0.000000	868	0	876	94786
GCfix_010762	0.14938	0.093958	0.00000	0.000000	866	0	870	94460
GCfix_004762	0.14920	0.093398	0.00000	0.000000	865	0	872	94342
GCfix_005473	0.14903	0.093389	0.00000	0.000000	864	0	866	93622
GCall_007880	0.14903	0.094535	0.00000	0.000000	864	0	882	97056
GCfix_003979	0.14886	0.093723	0.00000	0.000000	863	0	870	94594
GCall_007113	0.14869	0.092806	0.00000	0.000000	862	0	864	93070
GCfix_000458	0.14851	0.093397	0.00000	0.000000	861	0	864	93766
GCfix_004297	0.14834	0.092711	0.00000	0.000000	860	0	870	93962
GCfix_002681	0.14765	0.093013	0.00000	0.000000	856	0	862	93774
GCall_009388	0.14765	0.092550	0.00000	0.000000	856	0	862	93416
GCall_006279	0.14765	0.092362	0.00000	0.000000	856	0	858	92662
GCfix_000672	0.14731	0.092544	0.00000	0.000000	854	0	856	92804
GCall_011713	0.14731	0.092060	0.00000	0.000000	854	0	858	92634
GCall_010158	0.14731	0.092398	0.00000	0.000000	854	0	856	92668
GCfix_011464	0.14713	0.093134	0.00000	0.000000	853	0	862	94280
GCfix_001552	0.14713	0.092234	0.00000	0.000000	853	0	856	92642
GCfix_011878	0.14696	0.093158	0.00000	0.000000	852	0	858	93958
GCfix_005857	0.14696	0.091926	0.00000	0.000000	852	0	858	92686
GCall_006039	0.14696	0.092252	0.00000	0.000000	852	0	858	93120
GCall_008368	0.14662	0.091892	0.00000	0.000000	850	0	856	92760
GCall_003345	0.14644	0.091748	0.00000	0.000000	849	0	854	92370
GCfix_007492	0.14610	0.091805	0.00000	0.000000	847	0	852	92490
GCall_008336	0.14610	0.091234	0.00000	0.000000	847	0	850	91642
GCfix_005371	0.14593	0.091964	0.00000	0.000000	846	0	854	93050
GCfix_007744	0.14575	0.091988	0.00000	0.000000	845	0	854	93338
GCall_003620	0.14575	0.091508	0.00000	0.000000	845	0	846	91628
GCall_000459	0.14575	0.091058	0.00000	0.000000	845	0	850	91742
GCall_000369	0.14575	0.091273	0.00000	0.000000	845	0	848	91684
GCall_005126	0.14558	0.091261	0.00000	0.000000	844	0	848	91748
GCfix_010714	0.14541	0.091714	0.00000	0.000000	843	0	850	92698
GCfix_010434	0.14541	0.091211	0.00000	0.000000	843	0	854	92610
GCall_001193	0.14541	0.091281	0.00000	0.000000	843	0	850	92194
GCfix_003384	0.14524	0.091489	0.00000	0.000000	842	0	846	92056
GCall_003919	0.14524	0.090634	0.00000	0.000000	842	0	844	90934
GCfix_008218	0.14506	0.090910	0.00000	0.000000	841	0	846	91562
GCfix_004146	0.14506	0.090961	0.00000	0.000000	841	0	846	91614
GCall_002328	0.14489	0.090902	0.00000	0.000000	840	0	842	91160
GCall_007232	0.14472	0.091252	0.00000	0.000000	839	0	846	92230
GCfix_010820	0.14455	0.090543	0.00000	0.000000	838	0	844	91366
GCall_008503	0.14455	0.090651	0.00000	0.000000	838	0	844	91416
GCfix_011225	0.14437	0.090321	0.00000	0.000000	837	0	842	91004
GCfix_010075	0.14420	0.090642	0.00000	0.000000	836	0	842	91434
GCfix_004928	0.14420	0.090369	0.00000	0.000000	836	0	842	91194
GCall_006477	0.14420	0.090245	0.00000	0.000000	836	0	838	90512
GCall_005273	0.14420	0.090564	0.00000	0.000000	836	0	836	90564
GCfix_001486	0.14403	0.090180	0.00000	0.000000	835	0	840	90888
GCfix_011050	0.14386	0.090557	0.00000	0.000000	834	0	840	91414
GCall_010387	0.14368	0.090119	0.00000	0.000000	833	0	840	91104
GCfix_003995	0.14351	0.090493	0.00000	0.000000	832	0	840	91618
GCall_007925	0.14351	0.089969	0.00000	0.000000	832	0	836	90536
GCfix_006184	0.14334	0.089738	0.00000	0.000000	831	0	834	90120
GCall_004965	0.14334	0.090025	0.00000	0.000000	831	0	836	90742
GCfix_004611	0.14317	0.089961	0.00000	0.000000	830	0	832	90228
GCall_007207	0.14317	0.089696	0.00000	0.000000	830	0	834	90222
GCall_003574	0.14317	0.090056	0.00000	0.000000	830	0	832	90356
GCfix_007936	0.14299	0.089655	0.00000	0.000000	829	0	834	90372
GCfix_001776	0.14299	0.089791	0.00000	0.000000	829	0	836	90746
GCall_010329	0.14299	0.089652	0.00000	0.000000	829	0	832	90102
GCfix_011533	0.14282	0.089741	0.00000	0.000000	828	0	838	91174
GCfix_007304	0.14282	0.090030	0.00000	0.000000	828	0	835	90960
GCfix_005481	0.14265	0.089478	0.00000	0.000000	827	0	828	89628
GCall_009012	0.14265	0.089559	0.00000	0.000000	827	0	832	90238
GCfix_009494	0.14248	0.089010	0.00000	0.000000	826	0	828	89310
GCfix_005127	0.14248	0.089331	0.00000	0.000000	826	0	830	89890
GCfix_003377	0.14230	0.089388	0.00000	0.000000	825	0	830	90138
GCall_006861	0.14230	0.089197	0.00000	0.000000	825	0	834	90224
GCall_001778	0.14213	0.090795	0.00000	0.000000	824	0	834	92196
GCfix_003530	0.14196	0.089104	0.00000	0.000000	823	0	828	89854
GCall_009244	0.14196	0.088826	0.00000	0.000000	823	0	826	89234
GCall_004981	0.14196	0.088994	0.00000	0.000000	823	0	828	89634
GCfix_009792	0.14179	0.088986	0.00000	0.000000	822	0	828	89784
GCfix_005163	0.14179	0.088866	0.00000	0.000000	822	0	826	89390
GCall_004776	0.14161	0.088397	0.00000	0.000000	821	0	824	88748
GCfix_007042	0.14144	0.088534	0.00000	0.000000	820	0	824	89014
GCall_004601	0.14127	0.088298	0.00000	0.000000	819	0	822	88714
GCfix_010331	0.14110	0.088782	0.00000	0.000000	818	0	826	89952
GCfix_007557	0.14092	0.088620	0.00000	0.000000	817	0	826	89792
GCfix_006517	0.14092	0.087964	0.00000	0.000000	817	0	820	88332
GCfix_000833	0.14092	0.088341	0.00000	0.000000	817	0	822	89026
GCall_006000	0.14075	0.087918	0.00000	0.000000	816	0	818	88182
GCall_005538	0.14075	0.088976	0.00000	0.000000	816	0	820	89542
GCfix_011351	0.14058	0.089130	0.00000	0.000000	815	0	826	90744
GCfix_000614	0.14058	0.088397	0.00000	0.000000	815	0	822	89262
GCall_011180	0.14058	0.088291	0.00000	0.000000	815	0	822	89268
GCall_001080	0.14058	0.088091	0.00000	0.000000	815	0	818	88430
GCfix_001298	0.14041	0.088213	0.00000	0.000000	814	0	822	89222
GCall_011471	0.14041	0.087816	0.00000	0.000000	814	0	816	88116
GCfix_003433	0.14023	0.087576	0.00000	0.000000	813	0	814	87726
GCfix_009899	0.13972	0.087512	0.00000	0.000000	810	0	814	88112
GCfix_006392	0.13972	0.087602	0.00000	0.000000	810	0	814	88172
GCall_001203	0.13972	0.088382	0.00000	0.000000	810	0	820	89768
GCfix_011891	0.13954	0.087823	0.00000	0.000000	809	0	816	88796
GCall_005204	0.13954	0.087202	0.00000	0.000000	809	0	810	87352
GCall_003922	0.13937	0.087433	0.00000	0.000000	808	0	812	87958
GCall_003379	0.13937	0.087903	0.00000	0.000000	808	0	812	88410
GCall_011934	0.13920	0.087760	0.00000	0.000000	807	0	808	87910
GCall_011186	0.13920	0.087265	0.00000	0.000000	807	0	812	87948
GCall_010368	0.13920	0.087160	0.00000	0.000000	807	0	810	87610
GCall_009055	0.13920	0.087408	0.00000	0.000000	807	0	810	87858
GCall_003696	0.13903	0.087202	0.00000	0.000000	806	0	812	87992
GCall_000608	0.13903	0.087196	0.00000	0.000000	806	0	810	87728
GCall_000366	0.13885	0.087268	0.00000	0.000000	805	0	806	87378
GCall_008650	0.13868	0.087098	0.00000	0.000000	804	0	808	87666
GCall_001056	0.13816	0.086477	0.00000	0.000000	801	0	806	87114
GCfix_001606	0.13799	0.086468	0.00000	0.000000	800	0	806	87368
GCall_011924	0.13799	0.086780	0.00000	0.000000	800	0	804	87308
GCfix_007429	0.13782	0.086487	0.00000	0.000000	799	0	802	86896
GCfix_003501	0.13782	0.086252	0.00000	0.000000	799	0	802	86628
GCall_010192	0.13782	0.086102	0.00000	0.000000	799	0	800	86252
GCall_005933	0.13782	0.086317	0.00000	0.000000	799	0	810	87858
GCall_005771	0.13782	0.087121	0.00000	0.000000	799	0	810	88672
GCall_003996	0.13782	0.086566	0.00000	0.000000	799	0	806	87542
GCall_000466	0.13782	0.086144	0.00000	0.000000	799	0	806	86990
GCall_003083	0.13765	0.086514	0.00000	0.000000	798	0	808	87834
GCfix_009938	0.13747	0.086302	0.00000	0.000000	797	0	800	86752
GCfix_002595	0.13747	0.086549	0.00000	0.000000	797	0	804	87452
GCall_003916	0.13747	0.086732	0.00000	0.000000	797	0	808	88382
GCall_001878	0.13747	0.086188	0.00000	0.000000	797	0	800	86562
GCfix_010586	0.13730	0.086161	0.00000	0.000000	796	0	802	86950
GCfix_006490	0.13730	0.085775	0.00000	0.000000	796	0	798	86004
GCall_005327	0.13730	0.085730	0.00000	0.000000	796	0	800	86256
GCall_010899	0.13713	0.085758	0.00000	0.000000	795	0	798	86130
GCall_003805	0.13713	0.085967	0.00000	0.000000	795	0	798	86384
GCall_004061	0.13696	0.086899	0.00000	0.000000	794	0	807	88774
GCall_007709	0.13678	0.085786	0.00000	0.000000	793	0	801	86720
GCall_001046	0.13678	0.085360	0.00000	0.000000	793	0	802	86594
GCfix_011395	0.13661	0.085359	0.00000	0.000000	792	0	794	85604
GCfix_009199	0.13661	0.085775	0.00000	0.000000	792	0	794	86042
GCfix_008531	0.13661	0.085850	0.00000	0.000000	792	0	798	86650
GCfix_007613	0.13661	0.085473	0.00000	0.000000	792	0	796	86012
GCfix_007034	0.13661	0.085785	0.00000	0.000000	792	0	798	86618
GCall_009745	0.13661	0.085664	0.00000	0.000000	792	0	796	86228
GCall_006718	0.13627	0.084972	0.00000	0.000000	790	0	794	85530
GCall_011899	0.13610	0.085338	0.00000	0.000000	789	0	792	85718
GCall_009068	0.13610	0.085606	0.00000	0.000000	789	0	792	86024
GCall_007462	0.13575	0.084485	0.00000	0.000000	787	0	790	84896
GCall_003773	0.13575	0.085303	0.00000	0.000000	787	0	794	86258
GCall_010069	0.13558	0.084647	0.00000	0.000000	786	0	792	85482
GCfix_007482	0.13523	0.084938	0.00000	0.000000	784	0	790	85804
GCall_003891	0.13523	0.084656	0.00000	0.000000	784	0	790	85382
GCfix_010986	0.13489	0.084630	0.00000	0.000000	782	0	788	85496
GCfix_003832	0.13489	0.084623	0.00000	0.000000	782	0	790	85758
GCfix_006020	0.13472	0.084822	0.00000	0.000000	781	0	788	85694
GCfix_007692	0.13437	0.084320	0.00000	0.000000	779	0	784	84894
GCfix_001904	0.13437	0.084436	0.00000	0.000000	779	0	782	84818
GCall_009948	0.13437	0.084264	0.00000	0.000000	779	0	780	84414
GCall_008965	0.13437	0.084530	0.00000	0.000000	779	0	784	85214
GCall_003354	0.13437	0.084534	0.00000	0.000000	779	0	784	85250
GCfix_008180	0.13420	0.084351	0.00000	0.000000	778	0	784	85174
GCall_009878	0.13420	0.083692	0.00000	0.000000	778	0	782	84218
GCfix_008668	0.13403	0.084250	0.00000	0.000000	777	0	780	84700
GCfix_008538	0.13403	0.084083	0.00000	0.000000	777	0	778	84200
GCfix_005678	0.13403	0.083880	0.00000	0.000000	777	0	782	84444
GCall_011282	0.13403	0.084298	0.00000	0.000000	777	0	782	85014
GCall_004576	0.13403	0.083870	0.00000	0.000000	777	0	780	84280
GCfix_009153	0.13385	0.084021	0.00000	0.000000	776	0	778	84286
GCfix_002543	0.13385	0.084300	0.00000	0.000000	776	0	782	85160
GCall_008358	0.13385	0.083505	0.00000	0.000000	776	0	782	84372
GCfix_006967	0.13351	0.083790	0.00000	0.000000	774	0	780	84582
GCfix_003237	0.13334	0.084075	0.00000	0.000000	773	0	778	84792
GCall_003902	0.13334	0.083404	0.00000	0.000000	773	0	774	83510
GCfix_007047	0.13316	0.083434	0.00000	0.000000	772	0	776	84034
GCall_007316	0.13316	0.083392	0.00000	0.000000	772	0	776	83876
GCfix_009277	0.13299	0.083173	0.00000	0.000000	771	0	776	83878
GCfix_001936	0.13299	0.082797	0.00000	0.000000	771	0	776	83372
GCfix_007726	0.13265	0.083297	0.00000	0.000000	769	0	774	84008
GCfix_007239	0.13265	0.083221	0.00000	0.000000	769	0	774	83868
GCfix_004562	0.13265	0.082942	0.00000	0.000000	769	0	772	83274
GCall_004085	0.13265	0.083133	0.00000	0.000000	769	0	772	83550
GCfix_004719	0.13247	0.083228	0.00000	0.000000	768	0	772	83828
GCfix_007548	0.13230	0.082831	0.00000	0.000000	767	0	770	83248
GCfix_004364	0.13230	0.082609	0.00000	0.000000	767	0	772	83244
GCall_010677	0.13230	0.082741	0.00000	0.000000	767	0	768	82858
GCall_002196	0.13230	0.083129	0.00000	0.000000	767	0	770	83536
GCfix_011247	0.13213	0.081895	0.00000	0.000000	766	0	768	82128
GCall_007067	0.13178	0.082854	0.00000	0.000000	764	0	770	83652
GCfix_008132	0.13161	0.082373	0.00000	0.000000	763	0	772	83504
GCall_006957	0.13161	0.082538	0.00000	0.000000	763	0	768	83248
GCfix_007621	0.13144	0.082632	0.00000	0.000000	762	0	766	83156
GCall_006897	0.13144	0.082600	0.00000	0.000000	762	0	766	83158
GCall_011201	0.13127	0.082517	0.00000	0.000000	761	0	768	83462
GCall_004125	0.13127	0.082502	0.00000	0.000000	761	0	764	82814
GCfix_003351	0.13109	0.082257	0.00000	0.000000	760	0	764	82822
GCfix_009292	0.13040	0.081582	0.00000	0.000000	756	0	762	82482
GCall_011452	0.13040	0.081950	0.00000	0.000000	756	0	758	82214
GCall_000021	0.13040	0.082321	0.00000	0.000000	756	0	762	83146
GCall_002013	0.13023	0.081258	0.00000	0.000000	755	0	760	81854
GCall_008633	0.13006	0.081679	0.00000	0.000000	754	0	762	82704
GCall_003473	0.13006	0.081766	0.00000	0.000000	754	0	756	81992
GCfix_006254	0.12989	0.081754	0.00000	0.000000	753	0	754	81904
GCfix_005031	0.12971	0.081257	0.00000	0.000000	752	0	760	82278
GCfix_003906	0.12971	0.081808	0.00000	0.000000	752	0	760	82828
GCall_011702	0.12971	0.081594	0.00000	0.000000	752	0	756	82128
GCall_003903	0.12971	0.081053	0.00000	0.000000	752	0	760	82064
GCfix_001380	0.12954	0.081440	0.00000	0.000000	751	0	754	81848
GCall_003213	0.12954	0.080947	0.00000	0.000000	751	0	756	81588
GCall_003551	0.12937	0.081442	0.00000	0.000000	750	0	754	82042
GCall_009600	0.12920	0.081216	0.00000	0.000000	749	0	752	81622
GCall_004876	0.12920	0.080832	0.00000	0.000000	749	0	752	81214
GCfix_008067	0.12885	0.081329	0.00000	0.000000	747	0	752	81978
GCfix_001881	0.12851	0.080757	0.00000	0.000000	745	0	750	81442
GCfix_007957	0.12833	0.081009	0.00000	0.000000	744	0	754	82398
GCfix_001681	0.12833	0.080322	0.00000	0.000000	744	0	746	80552
GCall_001903	0.12833	0.081083	0.00000	0.000000	744	0	748	81652
GCfix_003579	0.12816	0.080352	0.00000	0.000000	743	0	744	80462
GCfix_000543	0.12816	0.080300	0.00000	0.000000	743	0	748	81008
GCall_005924	0.12816	0.080490	0.00000	0.000000	743	0	746	80900
GCfix_002058	0.12799	0.080549	0.00000	0.000000	742	0	748	81350
GCfix_001423	0.12782	0.080321	0.00000	0.000000	741	0	748	81272
GCall_011889	0.12782	0.080458	0.00000	0.000000	741	0	744	80866
GCall_002405	0.12782	0.080431	0.00000	0.000000	741	0	744	80810
GCall_010081	0.12764	0.080242	0.00000	0.000000	740	0	746	81066
GCall_002343	0.12747	0.080086	0.00000	0.000000	739	0	744	80836
GCfix_007382	0.12695	0.079524	0.00000	0.000000	736	0	744	80656
GCfix_005179	0.12695	0.079840	0.00000	0.000000	736	0	744	81040
GCfix_001010	0.12695	0.079674	0.00000	0.000000	736	0	742	80472
GCall_008719	0.12695	0.079592	0.00000	0.000000	736	0	742	80352
GCall_004726	0.12695	0.079578	0.00000	0.000000	736	0	742	80372
GCall_001978	0.12695	0.079424	0.00000	0.000000	736	0	740	79946
GCfix_002105	0.12626	0.079107	0.00000	0.000000	732	0	736	79638
GCall_003487	0.12609	0.078995	0.00000	0.000000	731	0	734	79410
GCall_000610	0.12592	0.079128	0.00000	0.000000	730	0	736	79958
GCfix_009534	0.12575	0.079014	0.00000	0.000000	729	0	732	79432
GCfix_008163	0.12575	0.079854	0.00000	0.000000	729	0	734	80572
GCfix_003459	0.12575	0.079311	0.00000	0.000000	729	0	738	80442
GCall_007354	0.12575	0.079284	0.00000	0.000000	729	0	732	79734
GCfix_003192	0.12557	0.078003	0.00000	0.000000	728	0	732	78530
GCall_010777	0.12557	0.078751	0.00000	0.000000	728	0	730	78968
GCall_002094	0.12523	0.078347	0.00000	0.000000	726	0	734	79482
GCfix_004038	0.12488	0.078270	0.00000	0.000000	724	0	726	78492
GCfix_002612	0.12488	0.078168	0.00000	0.000000	724	0	724	78168
GCall_006488	0.12488	0.078494	0.00000	0.000000	724	0	734	79822
GCall_001433	0.12488	0.078008	0.00000	0.000000	724	0	730	78786
GCfix_007286	0.12471	0.077778	0.00000	0.000000	723	0	730	78682
GCfix_006775	0.12454	0.078286	0.00000	0.000000	722	0	724	78586
GCall_009088	0.12454	0.078090	0.00000	0.000000	722	0	726	78656
GCall_003424	0.12454	0.078107	0.00000	0.000000	722	0	726	78672
GCall_004014	0.12419	0.077527	0.00000	0.000000	720	0	726	78310
GCfix_009804	0.12385	0.077890	0.00000	0.000000	718	0	724	78790
GCfix_004079	0.12385	0.077411	0.00000	0.000000	718	0	722	77892
GCfix_002838	0.12385	0.077735	0.00000	0.000000	718	0	720	78002
GCall_008607	0.12385	0.077677	0.00000	0.000000	718	0	722	78170
GCall_002499	0.12368	0.077697	0.00000	0.000000	717	0	724	78676
GCfix_002668	0.12350	0.077388	0.00000	0.000000	716	0	722	78178
GCall_004377	0.12350	0.077311	0.00000	0.000000	716	0	720	77808
GCall_002517	0.12350	0.077831	0.00000	0.000000	716	0	722	78662
GCfix_010314	0.12333	0.077671	0.00000	0.000000	715	0	718	78082
GCfix_009017	0.12333	0.077750	0.00000	0.000000	715	0	722	78730
GCall_011936	0.12333	0.077360	0.00000	0.000000	715	0	722	78336
GCall_004208	0.12333	0.077396	0.00000	0.000000	715	0	718	77846
GCfix_009390	0.12299	0.076951	0.00000	0.000000	713	0	718	77582
GCall_009760	0.12299	0.077159	0.00000	0.000000	713	0	716	77568
GCall_005303	0.12299	0.077175	0.00000	0.000000	713	0	718	77790
GCfix_006793	0.12281	0.076914	0.00000	0.000000	712	0	716	77482
GCfix_001424	0.12281	0.077058	0.00000	0.000000	712	0	716	77564
GCall_004213	0.12281	0.077111	0.00000	0.000000	712	0	714	77352
GCfix_007959	0.12264	0.077032	0.00000	0.000000	711	0	714	77452
GCfix_007895	0.12247	0.077002	0.00000	0.000000	710	0	714	77572
GCfix_006179	0.12247	0.076874	0.00000	0.000000	710	0	714	77390
GCall_002135	0.12247	0.077060	0.00000	0.000000	710	0	716	77888
GCall_004840	0.12195	0.076407	0.00000	0.000000	707	0	712	77084
GCfix_002122	0.12178	0.076561	0.00000	0.000000	706	0	712	77392
GCfix_001049	0.12178	0.075970	0.00000	0.000000	706	0	708	76270
GCfix_006841	0.12161	0.076366	0.00000	0.000000	705	0	710	77034
GCall_008285	0.12161	0.076067	0.00000	0.000000	705	0	712	77042
GCfix_003910	0.12143	0.076366	0.00000	0.000000	704	0	706	76666
GCall_002038	0.12143	0.076276	0.00000	0.000000	704	0	706	76540
GCfix_000633	0.12126	0.075915	0.00000	0.000000	703	0	706	76256
GCfix_008712	0.12109	0.076181	0.00000	0.000000	702	0	710	77350
GCall_010527	0.12109	0.076164	0.00000	0.000000	702	0	710	77288
GCall_005804	0.12109	0.075998	0.00000	0.000000	702	0	708	76898
GCall_009627	0.12074	0.075804	0.00000	0.000000	700	0	704	76330
GCall_003813	0.12074	0.075712	0.00000	0.000000	700	0	706	76574
GCall_001164	0.12074	0.075665	0.00000	0.000000	700	0	706	76412
GCfix_006046	0.12057	0.075251	0.00000	0.000000	699	0	704	75924
GCfix_007755	0.12040	0.075806	0.00000	0.000000	698	0	702	76374
GCfix_007545	0.12040	0.075630	0.00000	0.000000	698	0	700	75930
GCfix_002954	0.12040	0.075387	0.00000	0.000000	698	0	704	76214
GCall_008165	0.12040	0.075485	0.00000	0.000000	698	0	700	75750
GCall_011744	0.12023	0.075254	0.00000	0.000000	697	0	698	75404
GCall_001390	0.12023	0.075146	0.00000	0.000000	697	0	704	76156
GCall_000414	0.12023	0.075450	0.00000	0.000000	697	0	700	75900
GCfix_010500	0.12005	0.075298	0.00000	0.000000	696	0	698	75516
GCfix_008799	0.12005	0.075612	0.00000	0.000000	696	0	700	76144
GCfix_007942	0.12005	0.075317	0.00000	0.000000	696	0	702	76072
GCfix_002051	0.12005	0.075413	0.00000	0.000000	696	0	698	75678
GCfix_001195	0.12005	0.075091	0.00000	0.000000	696	0	698	75318
GCall_001493	0.12005	0.075034	0.00000	0.000000	696	0	702	75858
GCfix_005996	0.11988	0.075046	0.00000	0.000000	695	0	698	75456
GCall_010012	0.11988	0.076039	0.00000	0.000000	695	0	706	77626
GCall_006055	0.11988	0.075166	0.00000	0.000000	695	0	698	75584
GCfix_001746	0.11971	0.075287	0.00000	0.000000	694	0	700	76076
GCfix_006035	0.11954	0.075272	0.00000	0.000000	693	0	696	75722
GCfix_008379	0.11902	0.074733	0.00000	0.000000	690	0	694	75298
GCfix_003779	0.11902	0.074536	0.00000	0.000000	690	0	690	74536
GCall_003795	0.11885	0.074453	0.00000	0.000000	689	0	694	75068
GCall_010217	0.11850	0.074486	0.00000	0.000000	687	0	694	75420
GCfix_002881	0.11816	0.074284	0.00000	0.000000	685	0	688	74660
GCall_007497	0.11816	0.074153	0.00000	0.000000	685	0	692	75090
GCfix_006194	0.11798	0.074024	0.00000	0.000000	684	0	692	75048
GCfix_001630	0.11798	0.073980	0.00000	0.000000	684	0	688	74538
GCfix_010025	0.11781	0.073948	0.00000	0.000000	683	0	686	74360
GCfix_004724	0.11781	0.073785	0.00000	0.000000	683	0	688	74466
GCfix_010239	0.11764	0.074155	0.00000	0.000000	682	0	686	74722
GCall_009688	0.11747	0.073863	0.00000	0.000000	681	0	686	74580
GCall_000011	0.11729	0.073240	0.00000	0.000000	680	0	682	73540
GCfix_006872	0.11712	0.073413	0.00000	0.000000	679	0	682	73772
GCall_008644	0.11712	0.073388	0.00000	0.000000	679	0	684	74034
GCfix_005198	0.11695	0.073332	0.00000	0.000000	678	0	680	73600
GCfix_001594	0.11695	0.073134	0.00000	0.000000	678	0	682	73692
GCfix_009774	0.11660	0.073400	0.00000	0.000000	676	0	680	73928
GCall_011298	0.11626	0.072842	0.00000	0.000000	674	0	676	73068
GCall_004037	0.11626	0.072787	0.00000	0.000000	674	0	678	73314
GCall_007808	0.11609	0.073149	0.00000	0.000000	673	0	682	74344
GCall_002470	0.11591	0.072527	0.00000	0.000000	672	0	678	73312
GCall_006565	0.11574	0.072858	0.00000	0.000000	671	0	676	73492
GCfix_001675	0.11522	0.072740	0.00000	0.000000	668	0	678	74140
GCall_003089	0.11488	0.072210	0.00000	0.000000	666	0	668	72470
GCfix_008380	0.11471	0.071912	0.00000	0.000000	665	0	670	72628
GCfix_009682	0.11453	0.071720	0.00000	0.000000	664	0	666	71978
GCfix_004351	0.11453	0.071828	0.00000	0.000000	664	0	666	72128
GCfix_000122	0.11453	0.071802	0.00000	0.000000	664	0	670	72630
GCfix_011817	0.11419	0.071343	0.00000	0.000000	662	0	668	72174
GCall_006949	0.11419	0.071603	0.00000	0.000000	662	0	668	72392
GCfix_009466	0.11402	0.071289	0.00000	0.000000	661	0	664	71578
GCfix_004354	0.11402	0.071782	0.00000	0.000000	661	0	665	72316
GCfix_011522	0.11384	0.071281	0.00000	0.000000	660	0	662	71540
GCall_000675	0.11350	0.071104	0.00000	0.000000	658	0	666	72222
GCfix_001855	0.11333	0.071177	0.00000	0.000000	657	0	662	71892
GCall_009985	0.11315	0.071075	0.00000	0.000000	656	0	664	72102
GCfix_006749	0.11298	0.070583	0.00000	0.000000	655	0	658	70942
GCall_010100	0.11264	0.070748	0.00000	0.000000	653	0	656	71124
GCall_008351	0.11264	0.070526	0.00000	0.000000	653	0	654	70676
GCfix_006001	0.11160	0.069700	0.00000	0.000000	647	0	652	70344
GCall_009888	0.11160	0.069581	0.00000	0.000000	647	0	650	69948
GCall_000303	0.11160	0.069831	0.00000	0.000000	647	0	650	70204
GCfix_005653	0.11143	0.070420	0.00000	0.000000	646	0	650	70946
GCfix_007615	0.11126	0.069902	0.00000	0.000000	645	0	646	70052
GCall_004494	0.11091	0.070044	0.00000	0.000000	643	0	648	70762
GCfix_011770	0.11074	0.069342	0.00000	0.000000	642	0	648	70060
GCfix_007757	0.11005	0.069339	0.00000	0.000000	638	0	640	69614
GCfix_004814	0.11005	0.068997	0.00000	0.000000	638	0	642	69526
GCfix_000939	0.10988	0.068806	0.00000	0.000000	637	0	640	69256
GCall_011851	0.10988	0.068652	0.00000	0.000000	637	0	640	69102
GCall_010153	0.10970	0.068692	0.00000	0.000000	636	0	640	69218
GCfix_005219	0.10901	0.068235	0.00000	0.000000	632	0	638	68978
GCfix_006033	0.10884	0.068183	0.00000	0.000000	631	0	632	68292
GCall_010923	0.10884	0.068220	0.00000	0.000000	631	0	636	68970
GCall_011701	0.10867	0.068003	0.00000	0.000000	630	0	636	68752
GCfix_002715	0.10850	0.067682	0.00000	0.000000	629	0	630	67832
GCall_007574	0.10850	0.068121	0.00000	0.000000	629	0	630	68236
GCall_008397	0.10832	0.067958	0.00000	0.000000	628	0	632	68518
GCfix_009980	0.10798	0.068451	0.00000	0.000000	626	0	634	69616
GCfix_008718	0.10781	0.067679	0.00000	0.000000	625	0	630	68352
GCall_007257	0.10781	0.067743	0.00000	0.000000	625	0	628	68154
GCall_003628	0.10763	0.067646	0.00000	0.000000	624	0	632	68766
GCfix_009840	0.10746	0.067471	0.00000	0.000000	623	0	628	68122
GCfix_006854	0.10746	0.067546	0.00000	0.000000	623	0	626	67934
GCfix_006950	0.10712	0.067303	0.00000	0.000000	621	0	626	67986
GCfix_005829	0.10712	0.067188	0.00000	0.000000	621	0	624	67570
GCall_011248	0.10712	0.067198	0.00000	0.000000	621	0	624	67616
GCall_005051	0.10712	0.067200	0.00000	0.000000	621	0	628	68174
GCfix_008205	0.10694	0.067546	0.00000	0.000000	620	0	624	68008
GCfix_006748	0.10694	0.067034	0.00000	0.000000	620	0	622	67334
GCfix_000485	0.10677	0.067239	0.00000	0.000000	619	0	624	67876
GCall_007752	0.10660	0.066427	0.00000	0.000000	618	0	620	66696
GCfix_008258	0.10643	0.066886	0.00000	0.000000	617	0	620	67268
GCfix_000328	0.10625	0.065523	0.00000	0.000000	616	0	620	66006
GCfix_009230	0.10608	0.066254	0.00000	0.000000	615	0	620	66894
GCfix_006246	0.10591	0.066334	0.00000	0.000000	614	0	620	67118
GCall_008840	0.10591	0.066605	0.00000	0.000000	614	0	616	66822
GCall_008522	0.10591	0.066699	0.00000	0.000000	614	0	616	66888
GCall_009905	0.10574	0.066567	0.00000	0.000000	613	0	618	67282
GCall_007967	0.10539	0.065846	0.00000	0.000000	611	0	614	66230
GCfix_009000	0.10487	0.066096	0.00000	0.000000	608	0	610	66396
GCall_003265	0.10436	0.065618	0.00000	0.000000	605	0	608	66068
GCall_006349	0.10418	0.065360	0.00000	0.000000	604	0	606	65618
GCall_005173	0.10418	0.065143	0.00000	0.000000	604	0	606	65410
GCall_001865	0.10418	0.065102	0.00000	0.000000	604	0	604	65102
GCfix_002479	0.10401	0.065174	0.00000	0.000000	603	0	606	65624
GCfix_007930	0.10384	0.064878	0.00000	0.000000	602	0	604	65138
GCall_009612	0.10367	0.065324	0.00000	0.000000	601	0	606	65982
GCfix_008095	0.10349	0.064874	0.00000	0.000000	600	0	604	65432
GCall_010215	0.10332	0.064926	0.00000	0.000000	599	0	600	65076
GCfix_001921	0.10315	0.064867	0.00000	0.000000	598	0	600	65126
GCfix_003573	0.10280	0.064414	0.00000	0.000000	596	0	600	64944
GCall_010756	0.10263	0.064476	0.00000	0.000000	595	0	600	65192
GCall_008298	0.10263	0.064440	0.00000	0.000000	595	0	596	64590
GCall_007142	0.10229	0.064046	0.00000	0.000000	593	0	594	64070
GCall_000634	0.10211	0.064164	0.00000	0.000000	592	0	598	64894
GCfix_010822	0.10194	0.064078	0.00000	0.000000	591	0	592	64196
GCall_008616	0.10160	0.063616	0.00000	0.000000	589	0	590	63734
GCfix_009764	0.10125	0.063191	0.00000	0.000000	587	0	590	63576
GCfix_001825	0.10091	0.063674	0.00000	0.000000	585	0	588	64090
GCfix_003389	0.10073	0.062773	0.00000	0.000000	584	0	588	63266
GCall_003527	0.09987	0.062294	0.00000	0.000000	579	0	582	62664
GCfix_006164	0.09935	0.062358	0.00000	0.000000	576	0	578	62658
GCfix_001301	0.09935	0.062433	0.00000	0.000000	576	0	580	62964
GCfix_002975	0.09901	0.061922	0.00000	0.000000	574	0	578	62480
GCall_009881	0.09866	0.061732	0.00000	0.000000	572	0	574	62032
GCfix_001349	0.09849	0.061711	0.00000	0.000000	571	0	578	62660
GCfix_007512	0.09746	0.060894	0.00000	0.000000	565	0	568	61278
GCall_010616	0.09659	0.060644	0.00000	0.000000	560	0	566	61428
GCall_009169	0.09659	0.060438	0.00000	0.000000	560	0	562	60698
GCfix_008946	0.09608	0.060400	0.00000	0.000000	557	0	558	60550
GCall_001445	0.09608	0.060350	0.00000	0.000000	557	0	563	61168
GCall_009976	0.09573	0.060196	0.00000	0.000000	555	0	558	60612
GCall_001646	0.09539	0.059600	0.00000	0.000000	553	0	556	59968
GCfix_002692	0.09487	0.059610	0.00000	0.000000	550	0	552	59910
GCfix_000310	0.09452	0.059400	0.00000	0.000000	548	0	558	60756
GCall_008869	0.09418	0.059183	0.00000	0.000000	546	0	552	60010
GCall_000900	0.09418	0.059069	0.00000	0.000000	546	0	552	59860
GCfix_010919	0.09280	0.057842	0.00000	0.000000	538	0	544	58600
GCfix_011289	0.09245	0.058028	0.00000	0.000000	536	0	538	58328
GCall_005171	0.09245	0.058058	0.00000	0.000000	536	0	538	58324
GCall_009033	0.09176	0.058116	0.00000	0.000000	532	0	538	59016
GCfix_007435	0.09073	0.056685	0.00000	0.000000	526	0	528	56914
GCall_010726	0.09004	0.056478	0.00000	0.000000	522	0	524	56778
GCall_005302	0.08970	0.056367	0.00000	0.000000	520	0	524	56896
GCfix_008415	0.08935	0.056196	0.00000	0.000000	518	0	520	56388
GCall_010694	0.08918	0.056022	0.00000	0.000000	517	0	518	56172
GCall_000024	0.08918	0.056278	0.00000	0.000000	517	0	522	56986
GCall_001613	0.08901	0.055795	0.00000	0.000000	516	0	520	56330
GCall_007245	0.08849	0.055531	0.00000	0.000000	513	0	516	55884
GCall_007076	0.08832	0.055300	0.00000	0.000000	512	0	518	56158
GCfix_009530	0.08745	0.054964	0.00000	0.000000	507	0	512	55594
GCfix_009109	0.08711	0.054574	0.00000	0.000000	505	0	508	55024
GCall_008705	0.08504	0.053360	0.00000	0.000000	493	0	494	53468
GCfix_001888	0.08349	0.052231	0.00000	0.000000	484	0	486	52498
GCall_010980	0.08314	0.052174	0.00000	0.000000	482	0	482	52174
GCall_002015	0.08176	0.051333	0.00000	0.000000	474	0	478	51864
GCfix_000494	0.08159	0.051051	0.00000	0.000000	473	0	478	51726
GCfix_009836	0.08107	0.050314	0.00000	0.000000	470	0	472	50540
GCall_011148	0.08107	0.050870	0.00000	0.000000	470	0	472	51170
GCall_008239	0.08107	0.050622	0.00000	0.000000	470	0	472	50886
GCall_001761	0.08073	0.050593	0.00000	0.000000	468	0	470	50802
GCfix_000986	0.08021	0.049882	0.00000	0.000000	465	0	470	50442
GCall_000918	0.07952	0.050050	0.00000	0.000000	461	0	462	50200
GCall_006580	0.07624	0.048138	0.00000	0.000000	442	0	446	48704
GCall_011139	0.07590	0.047563	0.00000	0.000000	440	0	444	48080
GCall_001837	0.07469	0.046830	0.00000	0.000000	433	0	436	47280
GCfix_003174	0.07279	0.045964	0.00000	0.000000	422	0	424	46232
GCall_007775	0.07020	0.044060	0.00000	0.000000	407	0	410	44428
GCall_004607	0.07003	0.043842	0.00000	0.000000	406	0	408	44110
GCfix_004684	0.06934	0.043506	0.00000	0.000000	402	0	404	43806
GCall_005495	0.06796	0.042686	0.00000	0.000000	394	0	398	43256
GCall_005098	0.06658	0.041146	0.00000	0.000000	386	0	388	41446
GCall_011555	0.06434	0.040373	0.00000	0.000000	373	0	376	40790
GCfix_006125	0.06399	0.040221	0.00000	0.000000	371	0	374	40638
GCall_005365	0.06227	0.039135	0.00000	0.000000	361	0	364	39552
GCfix_007861	0.06158	0.038631	0.00000	0.000000	357	0	358	38748
GCall_008713	0.06106	0.038224	0.00000	0.000000	354	0	356	38488
GCfix_006488	0.06072	0.038960	0.00000	0.000000	352	0	358	39828
GCall_004934	0.05847	0.036424	0.00000	0.000000	339	0	342	36874
GCall_002336	0.05778	0.036274	0.00000	0.000000	335	0	338	36692
GCall_009466	0.05727	0.035808	0.00000	0.000000	332	0	334	36108
GCall_011761	0.05675	0.035472	0.00000	0.000000	329	0	332	35858
GCfix_007293	0.05537	0.034564	0.00000	0.000000	321	0	322	34714
GCfix_009409	0.05502	0.034442	0.00000	0.000000	319	0	320	34592
GCfix_007100	0.05416	0.033806	0.00000	0.000000	314	0	314	33806
GCall_005506	0.05347	0.033576	0.00000	0.000000	310	0	310	33576
GCfix_008283	0.05330	0.033761	0.00000	0.000000	309	0	312	34172
GCfix_005295	0.05330	0.033334	0.00000	0.000000	309	0	310	33484
GCall_005623	0.05313	0.033454	0.00000	0.000000	308	0	312	34014
GCall_001437	0.05295	0.033147	0.00000	0.000000	307	0	308	33264
GCall_000907	0.05175	0.032587	0.00000	0.000000	300	0	304	33098
GCall_011209	0.05037	0.031380	0.00000	0.000000	292	0	292	31380
GCfix_000069	0.05019	0.031314	0.00000	0.000000	291	0	292	31464
GCfix_000765	0.04864	0.030556	0.00000	0.000000	282	0	282	30556
GCfix_009808	0.04847	0.030678	0.00000	0.000000	281	0	282	30828
GCall_002514	0.04847	0.030620	0.00000	0.000000	281	0	286	31370
GCfix_008792	0.04830	0.030230	0.00000	0.000000	280	0	282	30496
GCfix_005618	0.04795	0.030068	0.00000	0.000000	278	0	280	30368
GCall_011691	0.04761	0.029772	0.00000	0.000000	276	0	276	29772
GCfix_008612	0.04692	0.029242	0.00000	0.000000	272	0	272	29242
GCfix_008239	0.04657	0.029147	0.00000	0.000000	270	0	272	29416
GCall_003168	0.04554	0.028680	0.00000	0.000000	264	0	266	28948
GCall_004556	0.04537	0.028285	0.00000	0.000000	263	0	266	28528
GCfix_010122	0.04519	0.028256	0.00000	0.000000	262	0	264	28526
GCall_007634	0.04433	0.027762	0.00000	0.000000	257	0	258	27878
GCall_008864	0.04416	0.027632	0.00000	0.000000	256	0	256	27632
GCall_000946	0.04330	0.026970	0.00000	0.000000	251	0	252	27120
GCfix_008161	0.04278	0.026842	0.00000	0.000000	248	0	248	26842
GCfix_008175	0.04226	0.026482	0.00000	0.000000	245	0	246	26632
GCfix_006691	0.04209	0.026176	0.00000	0.000000	244	0	244	26176
GCall_008253	0.04209	0.026500	0.00000	0.000000	244	0	244	26500
GCfix_011680	0.04192	0.026458	0.00000	0.000000	243	0	244	26608
GCall_006623	0.04123	0.025826	0.00000	0.000000	239	0	240	25976
GCall_003530	0.04054	0.025524	0.00000	0.000000	235	0	236	25674
GCfix_005658	0.04019	0.025252	0.00000	0.000000	233	0	234	25402
GCall_007852	0.03933	0.024672	0.00000	0.000000	228	0	228	24672
GCfix_006932	0.03898	0.024424	0.00000	0.000000	226	0	226	24424
GCall_008141	0.03898	0.024520	0.00000	0.000000	226	0	226	24520
GCall_002611	0.03864	0.024178	0.00000	0.000000	224	0	224	24178
GCall_003109	0.03847	0.024012	0.00000	0.000000	223	0	224	24130
GCall_002020	0.03847	0.024089	0.00000	0.000000	223	0	224	24204
GCfix_008688	0.03812	0.022034	0.00000	0.000000	221	0	222	22184
GCall_009907	0.03812	0.023966	0.00000	0.000000	221	0	224	24376
GCfix_010907	0.03795	0.023774	0.00000	0.000000	220	0	220	23774
GCall_009697	0.03778	0.023643	0.00000	0.000000	219	0	220	23758
GCall_004855	0.03760	0.023516	0.00000	0.000000	218	0	218	23516
GCfix_007858	0.03691	0.023189	0.00000	0.000000	214	0	218	23754
GCfix_006716	0.03691	0.023026	0.00000	0.000000	214	0	214	23026
GCfix_002651	0.03657	0.022728	0.00000	0.000000	212	0	212	22728
GCfix_010039	0.03640	0.022834	0.00000	0.000000	211	0	212	22984
GCall_003537	0.03640	0.022676	0.00000	0.000000	211	0	212	22790
GCall_003266	0.03622	0.022776	0.00000	0.000000	210	0	212	23076
GCall_001408	0.03605	0.022714	0.00000	0.000000	209	0	210	22864
GCfix_001579	0.03571	0.025478	0.00000	0.000000	207	0	256	32786
GCall_006946	0.03553	0.022200	0.00000	0.000000	206	0	206	22200
GCfix_011381	0.03536	0.022272	0.00000	0.000000	205	0	206	22422
GCall_008580	0.03536	0.022031	0.00000	0.000000	205	0	206	22148
GCall_000166	0.03519	0.022114	0.00000	0.000000	204	0	206	22414
GCall_000834	0.03433	0.021456	0.00000	0.000000	199	0	200	21606
GCall_006409	0.03398	0.021044	0.00000	0.000000	197	0	198	21152
GCfix_009368	0.03381	0.021156	0.00000	0.000000	196	0	200	21690
GCall_006696	0.03381	0.021308	0.00000	0.000000	196	0	198	21608
GCfix_003447	0.03364	0.020972	0.00000	0.000000	195	0	196	21122
GCfix_002416	0.03364	0.020722	0.00000	0.000000	195	0	196	20840
GCfix_007432	0.03346	0.020922	0.00000	0.000000	194	0	194	20922
GCall_000894	0.03346	0.021000	0.00000	0.000000	194	0	194	21000
GCfix_004977	0.03312	0.020732	0.00000	0.000000	192	0	192	20732
GCall_002734	0.03208	0.020131	0.00000	0.000000	186	0	190	20616
GCall_010523	0.03191	0.020120	0.00000	0.000000	185	0	186	20230
GCall_003881	0.03174	0.019764	0.00000	0.000000	184	0	188	20244
GCall_005091	0.03157	0.019878	0.00000	0.000000	183	0	184	20028
GCfix_002865	0.03122	0.019510	0.00000	0.000000	181	0	182	19660
GCfix_001331	0.03105	0.019502	0.00000	0.000000	180	0	182	19802
GCfix_000982	0.03105	0.019421	0.00000	0.000000	180	0	182	19654
GCfix_000662	0.03105	0.019352	0.00000	0.000000	180	0	180	19352
GCall_006778	0.03105	0.019408	0.00000	0.000000	180	0	180	19408
GCall_006561	0.03105	0.019436	0.00000	0.000000	180	0	180	19436
GCall_002381	0.03105	0.019340	0.00000	0.000000	180	0	180	19340
GCfix_003977	0.03070	0.019218	0.00000	0.000000	178	0	178	19218
GCfix_007366	0.03036	0.019086	0.00000	0.000000	176	0	176	19086
GCall_008851	0.03036	0.018930	0.00000	0.000000	176	0	176	18930
GCfix_009246	0.03001	0.018870	0.00000	0.000000	174	0	174	18870
GCfix_002516	0.03001	0.018815	0.00000	0.000000	174	0	176	19072
GCall_010909	0.03001	0.018910	0.00000	0.000000	174	0	174	18910
GCall_003974	0.02967	0.018640	0.00000	0.000000	172	0	174	18940
GCfix_003478	0.02950	0.018406	0.00000	0.000000	171	0	172	18526
GCall_001972	0.02829	0.017804	0.00000	0.000000	164	0	164	17804
GCall_007218	0.02812	0.017706	0.00000	0.000000	163	0	164	17824
GCall_006666	0.02812	0.017748	0.00000	0.000000	163	0	164	17898
GCall_002169	0.02794	0.017674	0.00000	0.000000	162	0	164	17934
GCall_000727	0.02777	0.017350	0.00000	0.000000	161	0	162	17464
GCfix_008339	0.02760	0.017374	0.00000	0.000000	160	0	160	17374
GCall_000752	0.02725	0.017149	0.00000	0.000000	158	0	160	17412
GCfix_009200	0.02691	0.016950	0.00000	0.000000	156	0	160	17472
GCfix_001025	0.02570	0.016062	0.00000	0.000000	149	0	150	16178
GCfix_010076	0.02518	0.015910	0.00000	0.000000	146	0	148	16180
GCfix_005217	0.02518	0.015702	0.00000	0.000000	146	0	147	15852
GCfix_007241	0.02484	0.015474	0.00000	0.000000	144	0	144	15474
GCall_006291	0.02484	0.015448	0.00000	0.000000	144	0	144	15448
GCall_002957	0.02484	0.015596	0.00000	0.000000	144	0	144	15596
GCall_010052	0.02467	0.015632	0.00000	0.000000	143	0	146	15982
GCall_004341	0.02467	0.015368	0.00000	0.000000	143	0	144	15518
GCfix_002314	0.02449	0.015252	0.00000	0.000000	142	0	144	15512
GCall_005948	0.02449	0.015591	0.00000	0.000000	142	0	144	15824
GCfix_010995	0.02415	0.015038	0.00000	0.000000	140	0	140	15038
GCall_000703	0.02415	0.015114	0.00000	0.000000	140	0	140	15114
GCall_000558	0.02380	0.014812	0.00000	0.000000	138	0	140	15038
GCall_011111	0.02346	0.014710	0.00000	0.000000	136	0	138	14968
GCfix_005470	0.02329	0.014762	0.00000	0.000000	135	0	136	14912
GCfix_007821	0.02260	0.014059	0.00000	0.000000	131	0	132	14174
GCall_005896	0.02260	0.014261	0.00000	0.000000	131	0	134	14640
GCfix_007078	0.02225	0.013946	0.00000	0.000000	129	0	130	14096
GCfix_001466	0.02225	0.013906	0.00000	0.000000	129	0	130	14056
GCall_007900	0.02208	0.013766	0.00000	0.000000	128	0	128	13766
GCall_010929	0.02139	0.013566	0.00000	0.000000	124	0	124	13566
GCall_008146	0.02139	0.013286	0.00000	0.000000	124	0	126	13544
GCfix_007180	0.02122	0.013102	0.00000	0.000000	123	0	124	13218
GCfix_001523	0.02053	0.012952	0.00000	0.000000	119	0	120	13102
GCall_000870	0.02053	0.012831	0.00000	0.000000	119	0	120	12948
GCfix_008210	0.02035	0.012536	0.00000	0.000000	118	0	118	12536
GCfix_007922	0.02018	0.012610	0.00000	0.000000	117	0	118	12760
GCfix_007384	0.02018	0.012966	0.00000	0.000000	117	0	118	13116
GCfix_005488	0.02001	0.012487	0.00000	0.000000	116	0	118	12674
GCfix_008544	0.01949	0.012283	0.00000	0.000000	113	0	116	12682
GCall_007674	0.01915	0.012008	0.00000	0.000000	111	0	112	12158
GCfix_011795	0.01880	0.011748	0.00000	0.000000	109	0	110	11898
GCfix_001327	0.01863	0.011616	0.00000	0.000000	108	0	110	11874
GCall_009332	0.01846	0.011556	0.00000	0.000000	107	0	108	11706
GCall_009395	0.01794	0.011316	0.00000	0.000000	104	0	106	11584
GCfix_009515	0.01759	0.011000	0.00000	0.000000	102	0	102	11000
GCall_004890	0.01759	0.011050	0.00000	0.000000	102	0	102	11050
GCall_002225	0.01742	0.010600	0.00000	0.000000	101	0	102	10750
GCfix_011629	0.01725	0.010816	0.00000	0.000000	100	0	102	11080
GCall_007645	0.01725	0.010774	0.00000	0.000000	100	0	100	10774
GCfix_010019	0.01690	0.010658	0.00000	0.000000	98	0	98	10658
GCall_002046	0.01690	0.010416	0.00000	0.000000	98	0	98	10416
GCall_000293	0.01621	0.010056	0.00000	0.000000	94	0	94	10056
GCfix_010190	0.01587	0.009894	0.00000	0.000000	92	0	92	9894
GCfix_008425	0.01587	0.009928	0.00000	0.000000	92	0	92	9928
GCfix_009922	0.01552	0.009806	0.00000	0.000000	90	0	90	9806
GCfix_006284	0.01552	0.009645	0.00000	0.000000	90	0	92	9874
GCall_005618	0.01535	0.009612	0.00000	0.000000	89	0	90	9728
GCfix_000501	0.01518	0.009516	0.00000	0.000000	88	0	90	9816
GCfix_000253	0.01518	0.009584	0.00000	0.000000	88	0	88	9584
GCall_009163	0.01518	0.009296	0.00000	0.000000	88	0	88	9296
GCfix_001845	0.01501	0.009303	0.00000	0.000000	87	0	88	9418
GCfix_002463	0.01483	0.009232	0.00000	0.000000	86	0	86	9232
GCfix_002254	0.01483	0.009360	0.00000	0.000000	86	0	86	9360
GCfix_007818	0.01466	0.009178	0.00000	0.000000	85	0	86	9304
GCall_005716	0.01466	0.009270	0.00000	0.000000	85	0	86	9384
GCfix_009379	0.01449	0.009148	0.00000	0.000000	84	0	84	9148
GCfix_004846	0.01449	0.009102	0.00000	0.000000	84	0	86	9360
GCfix_004325	0.01449	0.009070	0.00000	0.000000	84	0	84	9070
GCall_006569	0.01432	0.008978	0.00000	0.000000	83	0	84	9128
GCfix_010027	0.01414	0.008924	0.00000	0.000000	82	0	82	8924
GCfix_002364	0.01414	0.008886	0.00000	0.000000	82	0	84	9144
GCall_006679	0.01414	0.008826	0.00000	0.000000	82	0	82	8826
GCall_003077	0.01414	0.008858	0.00000	0.000000	82	0	84	9094
GCall_002159	0.01380	0.008538	0.00000	0.000000	80	0	80	8538
GCfix_005482	0.01345	0.008374	0.00000	0.000000	78	0	78	8374
GCall_002565	0.01345	0.008492	0.00000	0.000000	78	0	78	8492
GCfix_005294	0.01311	0.008206	0.00000	0.000000	76	0	76	8206
GCfix_008952	0.01276	0.008024	0.00000	0.000000	74	0	74	8024
GCall_010229	0.01276	0.007956	0.00000	0.000000	74	0	74	7956
GCall_003420	0.01276	0.008006	0.00000	0.000000	74	0	74	8006
GCfix_009551	0.01225	0.007722	0.00000	0.000000	71	0	72	7872
GCfix_006223	0.01207	0.007540	0.00000	0.000000	70	0	70	7540
GCfix_005845	0.01207	0.007512	0.00000	0.000000	70	0	70	7512
GCfix_002268	0.01207	0.007584	0.00000	0.000000	70	0	70	7584
GCall_010490	0.01207	0.007552	0.00000	0.000000	70	0	70	7552
GCall_001267	0.01173	0.007306	0.00000	0.000000	68	0	68	7306
GCall_009637	0.01156	0.007272	0.00000	0.000000	67	0	68	7422
GCfix_010300	0.01104	0.006878	0.00000	0.000000	64	0	64	6878
GCfix_007077	0.01104	0.006912	0.00000	0.000000	64	0	64	6912
GCall_010467	0.01104	0.006852	0.00000	0.000000	64	0	64	6852
GCall_008335	0.01104	0.006906	0.00000	0.000000	64	0	64	6906
GCfix_011090	0.01069	0.006692	0.00000	0.000000	62	0	62	6692
GCfix_001959	0.01069	0.006652	0.00000	0.000000	62	0	62	6652
GCall_002345	0.01018	0.006342	0.00000	0.000000	59	0	60	6450
GCfix_008116	0.01000	0.006254	0.00000	0.000000	58	0	58	6254
GCfix_002482	0.01000	0.006222	0.00000	0.000000	58	0	58	6222
GCall_002500	0.00983	0.006254	0.00000	0.000000	57	0	58	6404
GCfix_010226	0.00966	0.005974	0.00000	0.000000	56	0	56	5974
GCfix_009039	0.00966	0.006038	0.00000	0.000000	56	0	56	6038
GCall_008824	0.00931	0.005826	0.00000	0.000000	54	0	54	5826
GCall_001380	0.00931	0.005876	0.00000	0.000000	54	0	54	5876
GCfix_011128	0.00897	0.005572	0.00000	0.000000	52	0	54	5872
GCfix_009742	0.00897	0.005608	0.00000	0.000000	52	0	52	5608
GCfix_008781	0.00897	0.005612	0.00000	0.000000	52	0	52	5612
GCall_009362	0.00897	0.005612	0.00000	0.000000	52	0	52	5612
GCall_004087	0.00897	0.005567	0.00000	0.000000	52	0	54	5802
GCall_001158	0.00897	0.005700	0.00000	0.000000	52	0	52	5700
GCfix_002984	0.00862	0.005474	0.00000	0.000000	50	0	50	5474
GCfix_001044	0.00828	0.005230	0.00000	0.000000	48	0	50	5464
GCall_000431	0.00828	0.005178	0.00000	0.000000	48	0	48	5178
GCall_009972	0.00811	0.004999	0.00000	0.000000	47	0	48	5116
GCall_008497	0.00811	0.005074	0.00000	0.000000	47	0	48	5186
GCfix_006640	0.00793	0.004816	0.00000	0.000000	46	0	46	4816
GCall_004880	0.00793	0.004940	0.00000	0.000000	46	0	46	4940
GCall_009970	0.00776	0.004887	0.00000	0.000000	45	0	46	5004
GCfix_008301	0.00759	0.003866	0.00000	0.000000	44	0	44	3866
GCfix_007281	0.00759	0.004750	0.00000	0.000000	44	0	44	4750
GCfix_000026	0.00759	0.004732	0.00000	0.000000	44	0	44	4732
GCall_005457	0.00759	0.004742	0.00000	0.000000	44	0	44	4742
GCall_000123	0.00759	0.004752	0.00000	0.000000	44	0	44	4752
GCfix_010952	0.00724	0.004484	0.00000	0.000000	42	0	42	4484
GCfix_010325	0.00724	0.004236	0.00000	0.000000	42	0	42	4236
GCfix_009699	0.00724	0.004518	0.00000	0.000000	42	0	42	4518
GCfix_006032	0.00724	0.004580	0.00000	0.000000	42	0	42	4580
GCall_011257	0.00724	0.004546	0.00000	0.000000	42	0	42	4546
GCall_003959	0.00724	0.004514	0.00000	0.000000	42	0	42	4514
GCall_005901	0.00690	0.004392	0.00000	0.000000	40	0	40	4392
GCall_002631	0.00690	0.004316	0.00000	0.000000	40	0	40	4316
GCfix_003591	0.00673	0.004217	0.00000	0.000000	39	0	40	4334
GCall_001387	0.00673	0.004244	0.00000	0.000000	39	0	40	4394
GCfix_001590	0.00655	0.003974	0.00000	0.000000	38	0	38	3974
GCfix_010181	0.00621	0.003882	0.00000	0.000000	36	0	36	3882
GCall_005335	0.00621	0.003848	0.00000	0.000000	36	0	36	3848
GCall_000765	0.00621	0.003886	0.00000	0.000000	36	0	36	3886
GCall_008498	0.00586	0.003672	0.00000	0.000000	34	0	34	3672
GCfix_008651	0.00552	0.003452	0.00000	0.000000	32	0	32	3452
GCfix_002913	0.00552	0.003380	0.00000	0.000000	32	0	32	3380
GCfix_002262	0.00552	0.003454	0.00000	0.000000	32	0	32	3454
GCfix_009278	0.00517	0.003238	0.00000	0.000000	30	0	30	3238
GCfix_002438	0.00517	0.003240	0.00000	0.000000	30	0	30	3240
GCfix_000468	0.00517	0.003240	0.00000	0.000000	30	0	30	3240
GCfix_003752	0.00483	0.003018	0.00000	0.000000	28	0	28	3018
GCall_011870	0.00483	0.003022	0.00000	0.000000	28	0	28	3022
GCfix_006416	0.00448	0.002822	0.00000	0.000000	26	0	26	2822
GCfix_004694	0.00448	0.002776	0.00000	0.000000	26	0	26	2776
GCfix_004141	0.00448	0.002626	0.00000	0.000000	26	0	26	2626
GCfix_003988	0.00448	0.002806	0.00000	0.000000	26	0	26	2806
GCfix_001516	0.00448	0.002808	0.00000	0.000000	26	0	26	2808
GCall_008392	0.00448	0.002884	0.00000	0.000000	26	0	26	2884
GCall_005534	0.00448	0.002818	0.00000	0.000000	26	0	26	2818
GCfix_001713	0.00414	0.002592	0.00000	0.000000	24	0	24	2592
GCfix_000386	0.00414	0.002734	0.00000	0.000000	24	0	24	2734
GCall_011987	0.00414	0.002580	0.00000	0.000000	24	0	24	2580
GCall_005641	0.00414	0.002558	0.00000	0.000000	24	0	24	2558
GCall_004501	0.00414	0.002666	0.00000	0.000000	24	0	24	2666
GCall_002199	0.00414	0.002576	0.00000	0.000000	24	0	24	2576
GCall_001015	0.00414	0.002496	0.00000	0.000000	24	0	24	2496
GCall_006793	0.00397	0.002526	0.00000	0.000000	23	0	24	2676
GCfix_006390	0.00379	0.002358	0.00000	0.000000	22	0	22	2358
GCall_010305	0.00379	0.002440	0.00000	0.000000	22	0	22	2440
GCall_006119	0.00379	0.002370	0.00000	0.000000	22	0	22	2370
GCall_005373	0.00379	0.002346	0.00000	0.000000	22	0	22	2346
GCfix_011811	0.00362	0.002034	0.00000	0.000000	21	0	22	2142
GCfix_008322	0.00345	0.002154	0.00000	0.000000	20	0	20	2154
GCfix_008279	0.00345	0.002150	0.00000	0.000000	20	0	20	2150
GCfix_003707	0.00345	0.002154	0.00000	0.000000	20	0	20	2154
GCall_010222	0.00345	0.002090	0.00000	0.000000	20	0	20	2090
GCall_006159	0.00345	0.002154	0.00000	0.000000	20	0	20	2154
GCfix_006557	0.00328	0.002094	0.00000	0.000000	19	0	20	2244
GCall_009992	0.00328	0.002062	0.00000	0.000000	19	0	20	2180
GCfix_003449	0.00310	0.001884	0.00000	0.000000	18	0	18	1884
GCfix_002761	0.00310	0.001852	0.00000	0.000000	18	0	18	1852
GCfix_002574	0.00310	0.001738	0.00000	0.000000	18	0	18	1738
GCall_009953	0.00310	0.002018	0.00000	0.000000	18	0	18	2018
GCfix_008068	0.00276	0.001726	0.00000	0.000000	16	0	16	1726
GCfix_006994	0.00276	0.001728	0.00000	0.000000	16	0	16	1728
GCfix_001733	0.00241	0.001516	0.00000	0.000000	14	0	14	1516
GCfix_001592	0.00241	0.001512	0.00000	0.000000	14	0	14	1512
GCfix_000183	0.00241	0.001508	0.00000	0.000000	14	0	14	1508
GCall_002851	0.00241	0.001388	0.00000	0.000000	14	0	14	1388
GCall_002145	0.00241	0.001504	0.00000	0.000000	14	0	14	1504
GCall_000198	0.00241	0.001506	0.00000	0.000000	14	0	14	1506
GCall_007891	0.00224	0.001446	0.00000	0.000000	13	0	14	1596
GCfix_010726	0.00207	0.001292	0.00000	0.000000	12	0	12	1292
GCfix_003507	0.00207	0.001296	0.00000	0.000000	12	0	12	1296
GCfix_001377	0.00207	0.001294	0.00000	0.000000	12	0	12	1294
GCall_009296	0.00207	0.001290	0.00000	0.000000	12	0	12	1290
GCall_004301	0.00207	0.001296	0.00000	0.000000	12	0	12	1296
GCall_000432	0.00207	0.001292	0.00000	0.000000	12	0	12	1292
GCfix_010724	0.00172	0.001162	0.00000	0.000000	10	0	10	1162
GCfix_001324	0.00172	0.001078	0.00000	0.000000	10	0	10	1078
GCfix_001024	0.00172	0.001072	0.00000	0.000000	10	0	10	1072
GCall_005548	0.00172	0.001020	0.00000	0.000000	10	0	10	1020
GCall_003582	0.00172	0.001066	0.00000	0.000000	10	0	10	1066
GCall_003056	0.00172	0.001080	0.00000	0.000000	10	0	10	1080
GCfix_010005	0.00138	0.000862	0.00000	0.000000	8	0	8	862
GCfix_006675	0.00138	0.000948	0.00000	0.000000	8	0	8	948
GCall_011896	0.00138	0.000854	0.00000	0.000000	8	0	8	854
GCall_011493	0.00138	0.000842	0.00000	0.000000	8	0	8	842
GCall_011014	0.00138	0.000858	0.00000	0.000000	8	0	8	858
GCall_009982	0.00138	0.000856	0.00000	0.000000	8	0	8	856
GCall_009316	0.00138	0.000864	0.00000	0.000000	8	0	8	864
GCall_006538	0.00138	0.000862	0.00000	0.000000	8	0	8	862
GCall_005095	0.00138	0.000864	0.00000	0.000000	8	0	8	864
GCfix_008713	0.00103	0.000646	0.00000	0.000000	6	0	6	646
GCfix_003441	0.00103	0.000646	0.00000	0.000000	6	0	6	646
GCfix_001405	0.00103	0.000648	0.00000	0.000000	6	0	6	648
GCall_005794	0.00103	0.000620	0.00000	0.000000	6	0	6	620
GCall_002469	0.00103	0.000594	0.00000	0.000000	6	0	6	594
GCall_002398	0.00103	0.000510	0.00000	0.000000	6	0	6	510
GCall_001492	0.00103	0.000662	0.00000	0.000000	6	0	6	662
GCall_000070	0.00103	0.000648	0.00000	0.000000	6	0	6	648
GCfix_005514	0.00069	0.000432	0.00000	0.000000	4	0	4	432
GCfix_003914	0.00069	0.000432	0.00000	0.000000	4	0	4	432
GCfix_000658	0.00069	0.000426	0.00000	0.000000	4	0	4	426
GCall_011580	0.00069	0.000326	0.00000	0.000000	4	0	4	326
GCall_010432	0.00069	0.000414	0.00000	0.000000	4	0	4	414
GCall_007813	0.00069	0.000386	0.00000	0.000000	4	0	4	386
GCall_002337	0.00069	0.000480	0.00000	0.000000	4	0	4	480
GCfix_009101	0.00034	0.000216	0.00000	0.000000	2	0	2	216
GCfix_008711	0.00034	0.000216	0.00000	0.000000	2	0	2	216
GCfix_006126	0.00034	0.000231	0.00000	0.000000	2	0	4	462
GCfix_000276	0.00034	0.000216	0.00000	0.000000	2	0	2	216
GCall_009807	0.00034	0.000102	0.00000	0.000000	2	0	2	102
GCall_006686	0.00034	0.000204	0.00000	0.000000	2	0	2	204
GCall_001874	0.00034	0.000216	0.00000	0.000000	2	0	2	216
GCfix_000666	0.00017	0.000150	0.00000	0.000000	1	0	2	300
GCfix_000120	0.00017	0.000115	0.00000	0.000000	1	0	2	230
