#name	%unambiguousReads	unambiguousMB	%ambiguousReads	ambiguousMB	unambiguousReads	ambiguousReads	assignedReads	assignedBases
GCall_007731	0.16597	0.098381	0.00000	0.000000	910	0	914	98948
GCall_006762	0.16214	0.096234	0.00000	0.000000	889	0	892	96644
GCall_009723	0.15995	0.095182	0.00000	0.000000	877	0	884	96142
GCall_009439	0.15940	0.095004	0.00000	0.000000	874	0	882	96204
GCfix_006134	0.15813	0.093771	0.00000	0.000000	867	0	872	94376
GCfix_005815	0.15685	0.093578	0.00000	0.000000	860	0	866	94382
GCall_007723	0.15630	0.093688	0.00000	0.000000	857	0	870	95608
GCfix_000952	0.15484	0.077730	0.00000	0.000000	849	0	854	78274
GCall_004995	0.15448	0.091776	0.00000	0.000000	847	0	850	92164
GCfix_006745	0.15302	0.091018	0.00000	0.000000	839	0	846	92068
GCfix_001510	0.15247	0.090428	0.00000	0.000000	836	0	838	90728
GCfix_011057	0.15211	0.090622	0.00000	0.000000	834	0	836	90856
GCfix_004267	0.15120	0.089782	0.00000	0.000000	829	0	836	90734
GCall_001371	0.15083	0.089791	0.00000	0.000000	827	0	828	89916
GCfix_007557	0.15047	0.089628	0.00000	0.000000	825	0	830	90344
GCall_000296	0.14974	0.088651	0.00000	0.000000	821	0	828	89594
GCall_010977	0.14846	0.087821	0.00000	0.000000	814	0	818	88388
GCall_007684	0.14828	0.088364	0.00000	0.000000	813	0	822	89520
GCall_008310	0.14810	0.087591	0.00000	0.000000	812	0	816	88100
GCfix_003248	0.14791	0.087572	0.00000	0.000000	811	0	818	88486
GCfix_003352	0.14737	0.087344	0.00000	0.000000	808	0	812	87804
GCfix_000188	0.14718	0.087277	0.00000	0.000000	807	0	818	88796
GCfix_008217	0.14682	0.087511	0.00000	0.000000	805	0	810	88210
GCall_004481	0.14664	0.087152	0.00000	0.000000	804	0	810	87922
GCall_010649	0.14609	0.086771	0.00000	0.000000	801	0	804	87144
GCall_008872	0.14609	0.086788	0.00000	0.000000	801	0	810	87968
GCall_004122	0.14609	0.086574	0.00000	0.000000	801	0	804	87024
GCfix_004773	0.14591	0.087415	0.00000	0.000000	800	0	810	88882
GCall_010770	0.14572	0.086154	0.00000	0.000000	799	0	808	87364
GCall_003292	0.14572	0.086575	0.00000	0.000000	799	0	804	87284
GCall_003518	0.14390	0.085403	0.00000	0.000000	789	0	792	85820
GCfix_007747	0.14335	0.085061	0.00000	0.000000	786	0	790	85572
GCfix_003461	0.14299	0.084492	0.00000	0.000000	784	0	790	85168
GCfix_003351	0.14281	0.084557	0.00000	0.000000	783	0	784	84672
GCfix_002669	0.14262	0.084717	0.00000	0.000000	782	0	790	85852
GCall_005107	0.14262	0.084506	0.00000	0.000000	782	0	788	85248
GCall_009241	0.14244	0.087764	0.00000	0.000000	781	0	788	88814
GCfix_002655	0.14208	0.084078	0.00000	0.000000	779	0	788	85260
GCall_003773	0.14153	0.083866	0.00000	0.000000	776	0	780	84392
GCall_009012	0.14098	0.083613	0.00000	0.000000	773	0	778	84200
GCall_004064	0.14062	0.083849	0.00000	0.000000	771	0	776	84524
GCfix_010075	0.14025	0.083607	0.00000	0.000000	769	0	776	84484
GCall_004965	0.14025	0.083045	0.00000	0.000000	769	0	774	83688
GCfix_009248	0.13989	0.083153	0.00000	0.000000	767	0	770	83540
GCfix_003584	0.13971	0.083296	0.00000	0.000000	766	0	768	83562
GCall_011687	0.13971	0.082829	0.00000	0.000000	766	0	770	83334
GCall_011080	0.13971	0.082960	0.00000	0.000000	766	0	776	84262
GCall_009880	0.13952	0.082614	0.00000	0.000000	765	0	768	83064
GCfix_009767	0.13879	0.082523	0.00000	0.000000	761	0	766	83184
GCall_000466	0.13806	0.081470	0.00000	0.000000	757	0	760	81878
GCfix_005299	0.13788	0.081834	0.00000	0.000000	756	0	762	82562
GCall_007462	0.13770	0.081190	0.00000	0.000000	755	0	758	81600
GCall_003968	0.13752	0.081303	0.00000	0.000000	754	0	756	81570
GCall_000069	0.13752	0.081181	0.00000	0.000000	754	0	756	81414
GCfix_010434	0.13734	0.081801	0.00000	0.000000	753	0	760	82786
GCfix_010762	0.13715	0.081430	0.00000	0.000000	752	0	756	81964
GCfix_008722	0.13715	0.081148	0.00000	0.000000	752	0	760	82100
GCall_000576	0.13697	0.081135	0.00000	0.000000	751	0	756	81770
GCfix_003591	0.13679	0.081090	0.00000	0.000000	750	0	754	81554
GCfix_011918	0.13661	0.081103	0.00000	0.000000	749	0	756	81940
GCfix_009396	0.13661	0.080376	0.00000	0.000000	749	0	754	81020
GCfix_003151	0.13606	0.080875	0.00000	0.000000	746	0	752	81606
GCall_006242	0.13606	0.080953	0.00000	0.000000	746	0	750	81496
GCall_002180	0.13606	0.080366	0.00000	0.000000	746	0	752	81172
GCfix_005127	0.13588	0.080585	0.00000	0.000000	745	0	748	80962
GCall_009239	0.13551	0.079842	0.00000	0.000000	743	0	748	80434
GCfix_002516	0.13533	0.080426	0.00000	0.000000	742	0	750	81446
GCall_007835	0.13515	0.080156	0.00000	0.000000	741	0	744	80572
GCall_004981	0.13496	0.079742	0.00000	0.000000	740	0	746	80464
GCfix_007922	0.13478	0.079994	0.00000	0.000000	739	0	740	80144
GCfix_001776	0.13460	0.079779	0.00000	0.000000	738	0	742	80236
GCfix_001509	0.13405	0.079331	0.00000	0.000000	735	0	738	79718
GCall_002279	0.13387	0.079854	0.00000	0.000000	734	0	738	80454
GCall_006477	0.13351	0.079565	0.00000	0.000000	732	0	736	80106
GCall_006695	0.13332	0.078992	0.00000	0.000000	731	0	732	79142
GCfix_011728	0.13278	0.078604	0.00000	0.000000	728	0	732	79146
GCfix_004361	0.13278	0.078860	0.00000	0.000000	728	0	734	79646
GCall_004468	0.13278	0.078400	0.00000	0.000000	728	0	736	79366
GCfix_009851	0.13259	0.078715	0.00000	0.000000	727	0	738	80238
GCfix_000710	0.13259	0.078666	0.00000	0.000000	727	0	730	79116
GCfix_001424	0.13223	0.078250	0.00000	0.000000	725	0	728	78700
GCall_010833	0.13223	0.078558	0.00000	0.000000	725	0	734	79766
GCall_009388	0.13223	0.078238	0.00000	0.000000	725	0	728	78656
GCall_010899	0.13186	0.078526	0.00000	0.000000	723	0	728	79156
GCall_000632	0.13186	0.078427	0.00000	0.000000	723	0	730	79412
GCall_009882	0.13150	0.078232	0.00000	0.000000	721	0	726	78924
GCall_004087	0.13132	0.078345	0.00000	0.000000	720	0	730	79636
GCfix_008609	0.13095	0.077602	0.00000	0.000000	718	0	724	78442
GCfix_000022	0.13095	0.077721	0.00000	0.000000	718	0	724	78594
GCfix_003924	0.13022	0.077393	0.00000	0.000000	714	0	720	78134
GCfix_008668	0.12967	0.076759	0.00000	0.000000	711	0	720	77872
GCall_006134	0.12967	0.076988	0.00000	0.000000	711	0	716	77706
GCall_002336	0.12967	0.076551	0.00000	0.000000	711	0	714	76968
GCfix_000358	0.12931	0.076137	0.00000	0.000000	709	0	712	76530
GCall_003424	0.12931	0.076770	0.00000	0.000000	709	0	718	77944
GCfix_011877	0.12895	0.076410	0.00000	0.000000	707	0	710	76798
GCfix_010341	0.12895	0.076645	0.00000	0.000000	707	0	710	77032
GCfix_007492	0.12876	0.076535	0.00000	0.000000	706	0	710	77022
GCfix_011533	0.12858	0.076243	0.00000	0.000000	705	0	712	77262
GCfix_001298	0.12858	0.076173	0.00000	0.000000	705	0	710	76822
GCfix_000614	0.12840	0.075949	0.00000	0.000000	704	0	706	76178
GCall_001167	0.12840	0.076190	0.00000	0.000000	704	0	706	76490
GCfix_002912	0.12822	0.076013	0.00000	0.000000	703	0	706	76390
GCall_005771	0.12822	0.076445	0.00000	0.000000	703	0	710	77396
GCall_001878	0.12822	0.076276	0.00000	0.000000	703	0	706	76650
GCall_000860	0.12785	0.075941	0.00000	0.000000	701	0	706	76540
GCfix_006512	0.12767	0.075719	0.00000	0.000000	700	0	702	75986
GCall_010349	0.12749	0.075560	0.00000	0.000000	699	0	702	75970
GCall_004773	0.12749	0.075798	0.00000	0.000000	699	0	706	76790
GCfix_009581	0.12730	0.075472	0.00000	0.000000	698	0	702	75998
GCall_008190	0.12730	0.075457	0.00000	0.000000	698	0	700	75682
GCfix_009205	0.12712	0.075256	0.00000	0.000000	697	0	704	76208
GCfix_007733	0.12712	0.075325	0.00000	0.000000	697	0	700	75678
GCfix_003565	0.12712	0.075267	0.00000	0.000000	697	0	700	75642
GCall_002499	0.12712	0.076018	0.00000	0.000000	697	0	700	76428
GCall_004897	0.12694	0.075468	0.00000	0.000000	696	0	700	76006
GCfix_002105	0.12676	0.075326	0.00000	0.000000	695	0	698	75742
GCall_006262	0.12676	0.074836	0.00000	0.000000	695	0	700	75526
GCfix_006258	0.12603	0.074984	0.00000	0.000000	691	0	696	75632
GCfix_002813	0.12603	0.074606	0.00000	0.000000	691	0	694	75056
GCall_010158	0.12603	0.075042	0.00000	0.000000	691	0	694	75462
GCall_006279	0.12603	0.074978	0.00000	0.000000	691	0	694	75428
GCall_006666	0.12566	0.074474	0.00000	0.000000	689	0	694	75120
GCall_004019	0.12566	0.074568	0.00000	0.000000	689	0	692	74976
GCfix_006967	0.12548	0.074317	0.00000	0.000000	688	0	692	74860
GCfix_006490	0.12548	0.074633	0.00000	0.000000	688	0	694	75466
GCfix_004928	0.12530	0.074080	0.00000	0.000000	687	0	690	74496
GCfix_003530	0.12530	0.074286	0.00000	0.000000	687	0	688	74394
GCall_002924	0.12530	0.074552	0.00000	0.000000	687	0	690	74968
GCfix_009472	0.12512	0.073970	0.00000	0.000000	686	0	690	74428
GCfix_010596	0.12493	0.074078	0.00000	0.000000	685	0	688	74528
GCfix_003995	0.12493	0.074703	0.00000	0.000000	685	0	688	75120
GCfix_001628	0.12493	0.074126	0.00000	0.000000	685	0	686	74276
GCfix_010986	0.12475	0.074089	0.00000	0.000000	684	0	690	74864
GCall_004840	0.12475	0.074165	0.00000	0.000000	684	0	690	75000
GCall_011180	0.12457	0.073888	0.00000	0.000000	683	0	690	74756
GCfix_011827	0.12439	0.073406	0.00000	0.000000	682	0	682	73406
GCfix_010086	0.12439	0.073800	0.00000	0.000000	682	0	684	74068
GCfix_007286	0.12439	0.073964	0.00000	0.000000	682	0	688	74774
GCfix_005217	0.12439	0.073953	0.00000	0.000000	682	0	684	74222
GCall_006000	0.12439	0.073450	0.00000	0.000000	682	0	682	73450
GCfix_009875	0.12402	0.073450	0.00000	0.000000	680	0	682	73718
GCall_004867	0.12402	0.073812	0.00000	0.000000	680	0	682	74046
GCall_003884	0.12402	0.073650	0.00000	0.000000	680	0	686	74390
GCfix_001855	0.12384	0.073033	0.00000	0.000000	679	0	686	73986
GCall_010027	0.12384	0.073282	0.00000	0.000000	679	0	684	73872
GCall_008247	0.12366	0.073703	0.00000	0.000000	678	0	684	74546
GCall_004125	0.12366	0.073345	0.00000	0.000000	678	0	680	73580
GCall_001472	0.12329	0.072965	0.00000	0.000000	676	0	680	73462
GCfix_009153	0.12311	0.073064	0.00000	0.000000	675	0	680	73682
GCfix_007034	0.12274	0.072862	0.00000	0.000000	673	0	674	73012
GCall_008070	0.12274	0.072630	0.00000	0.000000	673	0	674	72748
GCall_002094	0.12274	0.072914	0.00000	0.000000	673	0	680	73932
GCfix_007895	0.12256	0.072896	0.00000	0.000000	672	0	676	73372
GCall_011315	0.12256	0.072547	0.00000	0.000000	672	0	676	73000
GCall_006502	0.12256	0.072614	0.00000	0.000000	672	0	676	73214
GCall_005676	0.12256	0.072544	0.00000	0.000000	672	0	680	73544
GCall_005538	0.12256	0.073149	0.00000	0.000000	672	0	676	73650
GCall_004953	0.12256	0.072158	0.00000	0.000000	672	0	674	72384
GCfix_006160	0.12220	0.072596	0.00000	0.000000	670	0	672	72864
GCall_009466	0.12220	0.072194	0.00000	0.000000	670	0	678	73312
GCall_004576	0.12220	0.072651	0.00000	0.000000	670	0	674	73180
GCfix_004470	0.12201	0.072525	0.00000	0.000000	669	0	676	73424
GCfix_006950	0.12183	0.072139	0.00000	0.000000	668	0	672	72674
GCfix_007750	0.12165	0.072153	0.00000	0.000000	667	0	672	72784
GCfix_006254	0.12129	0.072244	0.00000	0.000000	665	0	666	72360
GCfix_011443	0.12110	0.071962	0.00000	0.000000	664	0	668	72472
GCall_004037	0.12110	0.071563	0.00000	0.000000	664	0	668	72032
GCfix_011351	0.12092	0.072203	0.00000	0.000000	663	0	670	73108
GCfix_001486	0.12092	0.071969	0.00000	0.000000	663	0	672	73130
GCfix_011094	0.12074	0.071674	0.00000	0.000000	662	0	668	72430
GCfix_007744	0.12056	0.071530	0.00000	0.000000	661	0	664	71912
GCall_009600	0.12037	0.071300	0.00000	0.000000	660	0	662	71600
GCall_008912	0.12037	0.071406	0.00000	0.000000	660	0	662	71706
GCall_004960	0.12037	0.071549	0.00000	0.000000	660	0	664	72032
GCall_003916	0.12019	0.071523	0.00000	0.000000	659	0	666	72542
GCfix_002804	0.12001	0.071205	0.00000	0.000000	658	0	660	71480
GCall_010314	0.12001	0.071116	0.00000	0.000000	658	0	664	71870
GCfix_000672	0.11983	0.071321	0.00000	0.000000	657	0	662	71950
GCall_003696	0.11983	0.070839	0.00000	0.000000	657	0	662	71522
GCfix_010983	0.11946	0.070865	0.00000	0.000000	655	0	658	71290
GCfix_002162	0.11946	0.070742	0.00000	0.000000	655	0	658	71126
GCall_006055	0.11946	0.070546	0.00000	0.000000	655	0	658	70966
GCfix_008712	0.11928	0.070802	0.00000	0.000000	654	0	658	71336
GCfix_004825	0.11928	0.070814	0.00000	0.000000	654	0	658	71352
GCall_011201	0.11928	0.070710	0.00000	0.000000	654	0	660	71506
GCall_004436	0.11910	0.070476	0.00000	0.000000	653	0	656	70860
GCall_000431	0.11910	0.070506	0.00000	0.000000	653	0	656	70956
GCfix_010500	0.11891	0.070471	0.00000	0.000000	652	0	656	71014
GCall_009881	0.11873	0.070382	0.00000	0.000000	651	0	652	70532
GCall_003038	0.11873	0.070319	0.00000	0.000000	651	0	662	71578
GCfix_000633	0.11855	0.070372	0.00000	0.000000	650	0	654	70940
GCfix_010893	0.11837	0.070257	0.00000	0.000000	649	0	658	71438
GCfix_007049	0.11837	0.070655	0.00000	0.000000	649	0	654	71250
GCfix_004079	0.11837	0.070001	0.00000	0.000000	649	0	652	70346
GCfix_001380	0.11818	0.070133	0.00000	0.000000	648	0	652	70658
GCall_011471	0.11818	0.070015	0.00000	0.000000	648	0	654	70818
GCall_005126	0.11818	0.070180	0.00000	0.000000	648	0	652	70706
GCfix_007861	0.11800	0.070111	0.00000	0.000000	647	0	654	71000
GCfix_007755	0.11800	0.069986	0.00000	0.000000	647	0	652	70704
GCall_005872	0.11800	0.070120	0.00000	0.000000	647	0	652	70794
GCall_005457	0.11800	0.070108	0.00000	0.000000	647	0	650	70526
GCfix_008180	0.11782	0.069844	0.00000	0.000000	646	0	646	69844
GCfix_007692	0.11782	0.069943	0.00000	0.000000	646	0	648	70176
GCall_000675	0.11782	0.069906	0.00000	0.000000	646	0	652	70568
GCfix_001327	0.11764	0.069628	0.00000	0.000000	645	0	648	70078
GCall_004442	0.11764	0.070090	0.00000	0.000000	645	0	648	70540
GCfix_006640	0.11746	0.069870	0.00000	0.000000	644	0	650	70738
GCfix_003237	0.11746	0.069614	0.00000	0.000000	644	0	646	69914
GCall_002196	0.11746	0.069362	0.00000	0.000000	644	0	646	69620
GCfix_010598	0.11727	0.069398	0.00000	0.000000	643	0	646	69746
GCfix_006220	0.11709	0.069650	0.00000	0.000000	642	0	644	69950
GCfix_004391	0.11709	0.069662	0.00000	0.000000	642	0	652	70954
GCall_010490	0.11709	0.069530	0.00000	0.000000	642	0	642	69530
GCfix_009000	0.11691	0.069642	0.00000	0.000000	641	0	644	70058
GCfix_001044	0.11691	0.069672	0.00000	0.000000	641	0	646	70356
GCall_000459	0.11691	0.069274	0.00000	0.000000	641	0	642	69394
GCfix_005371	0.11673	0.069218	0.00000	0.000000	640	0	644	69722
GCfix_005060	0.11673	0.069804	0.00000	0.000000	640	0	644	70300
GCall_010123	0.11673	0.069303	0.00000	0.000000	640	0	646	70114
GCfix_003433	0.11654	0.069128	0.00000	0.000000	639	0	642	69548
GCall_010142	0.11654	0.069112	0.00000	0.000000	639	0	642	69562
GCall_010012	0.11636	0.068948	0.00000	0.000000	638	0	642	69514
GCall_003050	0.11636	0.068323	0.00000	0.000000	638	0	642	68776
GCfix_002883	0.11618	0.068569	0.00000	0.000000	637	0	640	68952
GCfix_009343	0.11581	0.068762	0.00000	0.000000	635	0	640	69374
GCfix_007545	0.11581	0.068550	0.00000	0.000000	635	0	638	68966
GCfix_003384	0.11581	0.068610	0.00000	0.000000	635	0	636	68728
GCall_004726	0.11563	0.068482	0.00000	0.000000	634	0	638	68976
GCall_001525	0.11563	0.068837	0.00000	0.000000	634	0	636	69098
GCfix_008919	0.11527	0.068350	0.00000	0.000000	632	0	634	68608
GCfix_009792	0.11508	0.068084	0.00000	0.000000	631	0	634	68468
GCfix_005555	0.11490	0.068195	0.00000	0.000000	630	0	638	69280
GCfix_004146	0.11472	0.068017	0.00000	0.000000	629	0	632	68370
GCfix_002416	0.11472	0.067682	0.00000	0.000000	629	0	636	68634
GCfix_001892	0.11472	0.068106	0.00000	0.000000	629	0	632	68556
GCall_011151	0.11472	0.068522	0.00000	0.000000	629	0	636	69442
GCall_006257	0.11472	0.067977	0.00000	0.000000	629	0	632	68366
GCall_002135	0.11472	0.068026	0.00000	0.000000	629	0	632	68400
GCfix_011884	0.11454	0.067939	0.00000	0.000000	628	0	632	68466
GCfix_002677	0.11454	0.067665	0.00000	0.000000	628	0	630	67890
GCall_000608	0.11454	0.068372	0.00000	0.000000	628	0	632	68910
GCfix_011331	0.11435	0.068041	0.00000	0.000000	627	0	636	69192
GCfix_009103	0.11435	0.067833	0.00000	0.000000	627	0	634	68786
GCfix_009039	0.11417	0.067354	0.00000	0.000000	626	0	626	67354
GCfix_006285	0.11417	0.067546	0.00000	0.000000	626	0	630	68114
GCall_008607	0.11417	0.067496	0.00000	0.000000	626	0	626	67496
GCall_003487	0.11417	0.067735	0.00000	0.000000	626	0	630	68214
GCfix_010239	0.11399	0.067744	0.00000	0.000000	625	0	630	68430
GCfix_003910	0.11381	0.067468	0.00000	0.000000	624	0	628	68026
GCfix_001594	0.11381	0.067532	0.00000	0.000000	624	0	626	67808
GCfix_010314	0.11363	0.067190	0.00000	0.000000	623	0	624	67298
GCfix_008163	0.11363	0.067362	0.00000	0.000000	623	0	628	68024
GCfix_010331	0.11344	0.067100	0.00000	0.000000	622	0	626	67628
GCall_004776	0.11326	0.067348	0.00000	0.000000	621	0	626	67974
GCall_008358	0.11308	0.067048	0.00000	0.000000	620	0	624	67620
GCall_007067	0.11308	0.066840	0.00000	0.000000	620	0	620	66840
GCall_004788	0.11308	0.067174	0.00000	0.000000	620	0	622	67436
GCfix_009734	0.11271	0.066491	0.00000	0.000000	618	0	622	66944
GCfix_005310	0.11253	0.066763	0.00000	0.000000	617	0	620	67106
GCall_010726	0.11253	0.066618	0.00000	0.000000	617	0	624	67498
GCall_008719	0.11253	0.066804	0.00000	0.000000	617	0	620	67218
GCfix_005235	0.11235	0.066333	0.00000	0.000000	616	0	620	66842
GCfix_001630	0.11235	0.066385	0.00000	0.000000	616	0	618	66614
GCall_009124	0.11235	0.066400	0.00000	0.000000	616	0	618	66700
GCall_007615	0.11235	0.066468	0.00000	0.000000	616	0	620	66994
GCall_005460	0.11235	0.066432	0.00000	0.000000	616	0	620	67032
GCfix_008339	0.11217	0.066292	0.00000	0.000000	615	0	616	66410
GCfix_003906	0.11217	0.066303	0.00000	0.000000	615	0	616	66418
GCall_002013	0.11217	0.066402	0.00000	0.000000	615	0	618	66778
GCfix_008370	0.11198	0.066149	0.00000	0.000000	614	0	616	66416
GCfix_007138	0.11198	0.066148	0.00000	0.000000	614	0	618	66650
GCfix_006517	0.11198	0.066529	0.00000	0.000000	614	0	616	66774
GCall_004061	0.11198	0.066493	0.00000	0.000000	614	0	618	67050
GCall_003379	0.11198	0.066522	0.00000	0.000000	614	0	618	66984
GCall_002565	0.11198	0.066555	0.00000	0.000000	614	0	616	66824
GCall_002343	0.11198	0.066381	0.00000	0.000000	614	0	620	67118
GCfix_010076	0.11180	0.066669	0.00000	0.000000	613	0	618	67322
GCall_008650	0.11180	0.066549	0.00000	0.000000	613	0	616	66900
GCfix_008874	0.11162	0.066253	0.00000	0.000000	612	0	614	66518
GCfix_007349	0.11162	0.066232	0.00000	0.000000	612	0	614	66500
GCfix_002595	0.11162	0.066018	0.00000	0.000000	612	0	616	66516
GCall_005469	0.11162	0.066236	0.00000	0.000000	612	0	618	67042
GCfix_009292	0.11144	0.065904	0.00000	0.000000	611	0	614	66354
GCfix_005482	0.11144	0.066148	0.00000	0.000000	611	0	616	66766
GCfix_001025	0.11144	0.066106	0.00000	0.000000	611	0	620	67292
GCall_005641	0.11144	0.066231	0.00000	0.000000	611	0	612	66346
GCall_005335	0.11144	0.066225	0.00000	0.000000	611	0	614	66566
GCfix_009936	0.11107	0.065934	0.00000	0.000000	609	0	610	66084
GCfix_008718	0.11107	0.066009	0.00000	0.000000	609	0	614	66702
GCfix_007366	0.11107	0.065892	0.00000	0.000000	609	0	614	66542
GCall_003002	0.11107	0.065676	0.00000	0.000000	609	0	610	65826
GCall_001972	0.11107	0.065668	0.00000	0.000000	609	0	612	66038
GCfix_011050	0.11089	0.065692	0.00000	0.000000	608	0	608	65692
GCfix_005569	0.11089	0.065531	0.00000	0.000000	608	0	612	66016
GCfix_001910	0.11089	0.065797	0.00000	0.000000	608	0	614	66608
GCall_010222	0.11089	0.065414	0.00000	0.000000	608	0	610	65680
GCall_009362	0.11089	0.065763	0.00000	0.000000	608	0	611	66147
GCfix_009515	0.11071	0.065513	0.00000	0.000000	607	0	610	65932
GCfix_007239	0.11071	0.065611	0.00000	0.000000	607	0	608	65726
GCall_003996	0.11071	0.065362	0.00000	0.000000	607	0	612	66016
GCfix_003832	0.11052	0.065461	0.00000	0.000000	606	0	608	65678
GCall_008368	0.11052	0.065762	0.00000	0.000000	606	0	616	67126
GCall_001158	0.11052	0.065472	0.00000	0.000000	606	0	610	66004
GCfix_011225	0.11034	0.065438	0.00000	0.000000	605	0	608	65778
GCfix_003501	0.11034	0.065377	0.00000	0.000000	605	0	610	66022
GCall_006853	0.11034	0.065442	0.00000	0.000000	605	0	608	65852
GCall_000727	0.11034	0.065430	0.00000	0.000000	605	0	612	66366
GCfix_011247	0.11016	0.064598	0.00000	0.000000	604	0	604	64598
GCfix_000287	0.11016	0.065312	0.00000	0.000000	604	0	608	65850
GCall_011608	0.11016	0.065506	0.00000	0.000000	604	0	606	65764
GCall_010527	0.11016	0.065298	0.00000	0.000000	604	0	606	65598
GCall_009919	0.11016	0.065252	0.00000	0.000000	604	0	606	65486
GCall_009628	0.11016	0.065466	0.00000	0.000000	604	0	608	65972
GCall_008840	0.11016	0.065638	0.00000	0.000000	604	0	612	66732
GCall_006861	0.11016	0.065148	0.00000	0.000000	604	0	608	65640
GCall_005204	0.11016	0.065292	0.00000	0.000000	604	0	606	65560
GCall_001046	0.11016	0.065204	0.00000	0.000000	604	0	606	65470
GCfix_007482	0.10998	0.064963	0.00000	0.000000	603	0	608	65622
GCall_009688	0.10998	0.065139	0.00000	0.000000	603	0	608	65766
GCall_007257	0.10998	0.065072	0.00000	0.000000	603	0	604	65222
GCall_007045	0.10998	0.064959	0.00000	0.000000	603	0	606	65346
GCfix_009101	0.10980	0.065242	0.00000	0.000000	602	0	604	65542
GCall_005896	0.10980	0.065220	0.00000	0.000000	602	0	606	65748
GCfix_007241	0.10961	0.064829	0.00000	0.000000	601	0	604	65222
GCfix_006032	0.10961	0.064919	0.00000	0.000000	601	0	604	65302
GCfix_003377	0.10943	0.064618	0.00000	0.000000	600	0	600	64618
GCall_007497	0.10943	0.064991	0.00000	0.000000	600	0	612	66634
GCall_001380	0.10943	0.065353	0.00000	0.000000	600	0	604	65884
GCall_011924	0.10925	0.064636	0.00000	0.000000	599	0	602	65006
GCall_007113	0.10925	0.064709	0.00000	0.000000	599	0	602	65132
GCall_005056	0.10907	0.064805	0.00000	0.000000	598	0	604	65598
GCall_001634	0.10907	0.064668	0.00000	0.000000	598	0	600	64968
GCall_000558	0.10907	0.064548	0.00000	0.000000	598	0	600	64806
GCfix_010226	0.10888	0.064727	0.00000	0.000000	597	0	602	65378
GCfix_005857	0.10870	0.064037	0.00000	0.000000	596	0	598	64272
GCfix_004762	0.10870	0.064296	0.00000	0.000000	596	0	598	64562
GCfix_004297	0.10870	0.064352	0.00000	0.000000	596	0	598	64612
GCall_001433	0.10870	0.064286	0.00000	0.000000	596	0	598	64522
GCfix_008799	0.10852	0.064698	0.00000	0.000000	595	0	598	65148
GCfix_011770	0.10834	0.064374	0.00000	0.000000	594	0	598	64918
GCfix_008205	0.10834	0.064297	0.00000	0.000000	594	0	598	64836
GCfix_002038	0.10834	0.064102	0.00000	0.000000	594	0	600	64888
GCall_011889	0.10834	0.064262	0.00000	0.000000	594	0	598	64830
GCall_006870	0.10834	0.064727	0.00000	0.000000	594	0	606	66408
GCfix_006706	0.10815	0.064026	0.00000	0.000000	593	0	598	64652
GCall_009169	0.10815	0.064399	0.00000	0.000000	593	0	600	65300
GCfix_005505	0.10797	0.064026	0.00000	0.000000	592	0	592	64026
GCfix_004611	0.10797	0.063782	0.00000	0.000000	592	0	594	64046
GCall_003902	0.10797	0.063938	0.00000	0.000000	592	0	592	63938
GCall_002482	0.10797	0.064097	0.00000	0.000000	592	0	594	64326
GCall_000303	0.10797	0.064172	0.00000	0.000000	592	0	596	64708
GCfix_010422	0.10779	0.063670	0.00000	0.000000	591	0	594	64080
GCfix_008068	0.10761	0.063936	0.00000	0.000000	590	0	592	64196
GCfix_003979	0.10761	0.063807	0.00000	0.000000	590	0	596	64650
GCfix_006035	0.10742	0.063732	0.00000	0.000000	589	0	596	64750
GCfix_005658	0.10742	0.063760	0.00000	0.000000	589	0	592	64156
GCall_007207	0.10742	0.063598	0.00000	0.000000	589	0	592	64014
GCfix_011464	0.10724	0.064260	0.00000	0.000000	588	0	594	65088
GCfix_006001	0.10724	0.063525	0.00000	0.000000	588	0	594	64318
GCfix_007281	0.10706	0.063547	0.00000	0.000000	587	0	592	64228
GCfix_009899	0.10688	0.063390	0.00000	0.000000	586	0	590	63966
GCall_010467	0.10688	0.063661	0.00000	0.000000	586	0	590	64204
GCfix_007957	0.10669	0.063246	0.00000	0.000000	585	0	588	63614
GCfix_002681	0.10669	0.063443	0.00000	0.000000	585	0	588	63848
GCfix_000352	0.10669	0.062877	0.00000	0.000000	585	0	586	63002
GCall_011936	0.10669	0.063365	0.00000	0.000000	585	0	590	64048
GCall_010100	0.10669	0.063284	0.00000	0.000000	585	0	588	63700
GCall_003891	0.10669	0.063114	0.00000	0.000000	585	0	588	63460
GCfix_010025	0.10633	0.062895	0.00000	0.000000	583	0	588	63594
GCfix_009938	0.10633	0.063244	0.00000	0.000000	583	0	586	63630
GCfix_008538	0.10633	0.063200	0.00000	0.000000	583	0	586	63576
GCfix_006020	0.10633	0.063017	0.00000	0.000000	583	0	586	63396
GCall_005495	0.10633	0.062901	0.00000	0.000000	583	0	586	63302
GCall_003213	0.10633	0.062963	0.00000	0.000000	583	0	586	63312
GCfix_006284	0.10615	0.063369	0.00000	0.000000	582	0	586	63936
GCall_004876	0.10615	0.062838	0.00000	0.000000	582	0	582	62838
GCall_001903	0.10615	0.062691	0.00000	0.000000	582	0	584	62958
GCall_008616	0.10597	0.062671	0.00000	0.000000	581	0	584	63052
GCall_008503	0.10597	0.062893	0.00000	0.000000	581	0	582	63010
GCall_008285	0.10597	0.062752	0.00000	0.000000	581	0	582	62902
GCfix_008301	0.10578	0.062844	0.00000	0.000000	580	0	586	63648
GCfix_007821	0.10578	0.062972	0.00000	0.000000	580	0	586	63808
GCfix_010019	0.10542	0.062462	0.00000	0.000000	578	0	580	62762
GCfix_007613	0.10542	0.062407	0.00000	0.000000	578	0	586	63472
GCfix_004977	0.10542	0.062559	0.00000	0.000000	578	0	580	62792
GCfix_001552	0.10542	0.062346	0.00000	0.000000	578	0	582	62842
GCfix_010190	0.10524	0.062508	0.00000	0.000000	577	0	578	62626
GCall_008633	0.10524	0.062696	0.00000	0.000000	577	0	582	63352
GCall_005748	0.10524	0.062476	0.00000	0.000000	577	0	578	62626
GCfix_008258	0.10505	0.062218	0.00000	0.000000	576	0	578	62456
GCfix_003779	0.10505	0.062350	0.00000	0.000000	576	0	578	62650
GCall_011861	0.10505	0.062101	0.00000	0.000000	576	0	578	62368
GCall_001851	0.10505	0.062593	0.00000	0.000000	576	0	580	63152
GCfix_001904	0.10487	0.062383	0.00000	0.000000	575	0	578	62770
GCall_006718	0.10487	0.061634	0.00000	0.000000	575	0	578	62010
GCall_001390	0.10487	0.062584	0.00000	0.000000	575	0	576	62734
GCfix_009534	0.10469	0.061914	0.00000	0.000000	574	0	576	62182
GCfix_004351	0.10469	0.062088	0.00000	0.000000	574	0	576	62328
GCall_005749	0.10469	0.062080	0.00000	0.000000	574	0	582	63146
GCfix_011128	0.10451	0.062034	0.00000	0.000000	573	0	580	63020
GCfix_003459	0.10432	0.062006	0.00000	0.000000	572	0	574	62306
GCfix_001675	0.10432	0.062036	0.00000	0.000000	572	0	580	63166
GCall_010153	0.10432	0.061620	0.00000	0.000000	572	0	578	62424
GCall_003530	0.10432	0.062181	0.00000	0.000000	572	0	578	63010
GCfix_007429	0.10396	0.061652	0.00000	0.000000	570	0	570	61652
GCfix_001881	0.10396	0.061582	0.00000	0.000000	570	0	574	62074
GCall_006897	0.10396	0.061756	0.00000	0.000000	570	0	572	62016
GCfix_006841	0.10378	0.061491	0.00000	0.000000	569	0	574	62142
GCall_004208	0.10378	0.061735	0.00000	0.000000	569	0	574	62390
GCall_000173	0.10378	0.061511	0.00000	0.000000	569	0	580	62918
GCfix_011715	0.10359	0.061418	0.00000	0.000000	568	0	570	61718
GCfix_003152	0.10359	0.061443	0.00000	0.000000	568	0	570	61668
GCall_002628	0.10359	0.061550	0.00000	0.000000	568	0	570	61850
GCall_001164	0.10359	0.061608	0.00000	0.000000	568	0	574	62450
GCfix_007621	0.10341	0.061110	0.00000	0.000000	567	0	574	62072
GCfix_007507	0.10341	0.061397	0.00000	0.000000	567	0	572	62060
GCfix_001349	0.10341	0.061260	0.00000	0.000000	567	0	568	61376
GCall_010902	0.10341	0.061479	0.00000	0.000000	567	0	570	61888
GCall_004880	0.10341	0.061297	0.00000	0.000000	567	0	572	61956
GCall_003345	0.10341	0.061494	0.00000	0.000000	567	0	574	62322
GCfix_011878	0.10323	0.061493	0.00000	0.000000	566	0	568	61718
GCall_011702	0.10323	0.061268	0.00000	0.000000	566	0	568	61540
GCall_009055	0.10323	0.061344	0.00000	0.000000	566	0	570	61944
GCall_006119	0.10323	0.061271	0.00000	0.000000	566	0	570	61796
GCfix_006033	0.10305	0.061369	0.00000	0.000000	565	0	570	62024
GCall_005303	0.10305	0.060953	0.00000	0.000000	565	0	568	61336
GCall_005095	0.10305	0.061034	0.00000	0.000000	565	0	568	61392
GCfix_011936	0.10286	0.061035	0.00000	0.000000	564	0	566	61300
GCall_010506	0.10286	0.061085	0.00000	0.000000	564	0	566	61352
GCfix_008578	0.10268	0.060717	0.00000	0.000000	563	0	566	61136
GCfix_007505	0.10268	0.060788	0.00000	0.000000	563	0	564	60938
GCfix_009017	0.10250	0.060786	0.00000	0.000000	562	0	564	61086
GCall_008868	0.10250	0.060736	0.00000	0.000000	562	0	566	61232
GCall_011713	0.10232	0.060718	0.00000	0.000000	561	0	564	61134
GCall_006217	0.10232	0.060758	0.00000	0.000000	561	0	564	61126
GCfix_007936	0.10213	0.060513	0.00000	0.000000	560	0	566	61320
GCfix_005653	0.10213	0.060603	0.00000	0.000000	560	0	564	61130
GCall_011899	0.10213	0.060732	0.00000	0.000000	560	0	562	60996
GCall_006039	0.10213	0.060566	0.00000	0.000000	560	0	570	61766
GCall_005327	0.10213	0.059945	0.00000	0.000000	560	0	562	60214
GCfix_010586	0.10195	0.059986	0.00000	0.000000	559	0	560	60136
GCall_008380	0.10195	0.060403	0.00000	0.000000	559	0	562	60822
GCall_003168	0.10195	0.060584	0.00000	0.000000	559	0	562	60922
GCfix_007047	0.10177	0.060425	0.00000	0.000000	558	0	560	60692
GCall_003805	0.10177	0.060278	0.00000	0.000000	558	0	562	60878
GCfix_002612	0.10159	0.060238	0.00000	0.000000	557	0	558	60348
GCall_010748	0.10159	0.060276	0.00000	0.000000	557	0	558	60426
GCall_000021	0.10159	0.060454	0.00000	0.000000	557	0	562	61072
GCfix_000485	0.10141	0.060110	0.00000	0.000000	556	0	558	60338
GCall_010305	0.10141	0.059471	0.00000	0.000000	556	0	560	60004
GCall_009244	0.10141	0.059985	0.00000	0.000000	556	0	558	60226
GCall_007218	0.10141	0.060580	0.00000	0.000000	556	0	560	61116
GCall_006949	0.10141	0.060267	0.00000	0.000000	556	0	560	60834
GCfix_001746	0.10122	0.060526	0.00000	0.000000	555	0	562	61428
GCfix_000986	0.10122	0.059851	0.00000	0.000000	555	0	558	60194
GCall_010069	0.10122	0.060015	0.00000	0.000000	555	0	562	60964
GCfix_002975	0.10104	0.059821	0.00000	0.000000	554	0	556	60090
GCall_007925	0.10104	0.059835	0.00000	0.000000	554	0	558	60324
GCall_006830	0.10104	0.059735	0.00000	0.000000	554	0	558	60304
GCall_004934	0.10104	0.060233	0.00000	0.000000	554	0	558	60760
GCfix_006872	0.10086	0.059705	0.00000	0.000000	553	0	558	60304
GCfix_004183	0.10086	0.059960	0.00000	0.000000	553	0	556	60410
GCfix_002652	0.10086	0.059799	0.00000	0.000000	553	0	558	60448
GCfix_002088	0.10068	0.059408	0.00000	0.000000	552	0	552	59408
GCall_010387	0.10068	0.059599	0.00000	0.000000	552	0	554	59864
GCall_009395	0.10068	0.059636	0.00000	0.000000	552	0	554	59936
GCall_001837	0.10068	0.059639	0.00000	0.000000	552	0	554	59870
GCfix_007726	0.10031	0.059356	0.00000	0.000000	550	0	552	59560
GCfix_001936	0.10031	0.059415	0.00000	0.000000	550	0	554	59884
GCfix_001010	0.10031	0.059417	0.00000	0.000000	550	0	554	59910
GCall_011744	0.10031	0.059628	0.00000	0.000000	550	0	556	60398
GCall_007142	0.10031	0.059322	0.00000	0.000000	550	0	550	59322
GCall_002405	0.10031	0.059663	0.00000	0.000000	550	0	552	59934
GCall_000208	0.10031	0.059556	0.00000	0.000000	550	0	552	59856
GCfix_005481	0.10013	0.059334	0.00000	0.000000	549	0	552	59708
GCall_011851	0.10013	0.059248	0.00000	0.000000	549	0	552	59698
GCall_002470	0.10013	0.059221	0.00000	0.000000	549	0	552	59596
GCall_000282	0.10013	0.059412	0.00000	0.000000	549	0	550	59562
GCfix_005829	0.09995	0.059522	0.00000	0.000000	548	0	552	60090
GCall_004014	0.09995	0.059163	0.00000	0.000000	548	0	552	59658
GCall_001193	0.09995	0.059186	0.00000	0.000000	548	0	550	59486
GCfix_007435	0.09976	0.059078	0.00000	0.000000	547	0	548	59188
GCfix_006749	0.09976	0.058718	0.00000	0.000000	547	0	550	59100
GCfix_002254	0.09976	0.059026	0.00000	0.000000	547	0	548	59144
GCfix_001681	0.09976	0.059111	0.00000	0.000000	547	0	548	59228
GCall_006349	0.09976	0.059006	0.00000	0.000000	547	0	548	59156
GCall_004501	0.09976	0.059216	0.00000	0.000000	547	0	552	59850
GCfix_005405	0.09958	0.058840	0.00000	0.000000	546	0	548	59074
GCfix_001586	0.09958	0.058827	0.00000	0.000000	546	0	548	59096
GCall_011298	0.09958	0.059124	0.00000	0.000000	546	0	548	59424
GCall_008713	0.09958	0.059434	0.00000	0.000000	546	0	554	60528
GCall_000331	0.09958	0.059242	0.00000	0.000000	546	0	548	59482
GCall_000198	0.09958	0.059172	0.00000	0.000000	546	0	552	60040
GCfix_009466	0.09940	0.058749	0.00000	0.000000	545	0	550	59438
GCfix_001845	0.09940	0.059020	0.00000	0.000000	545	0	548	59438
GCall_009627	0.09940	0.058992	0.00000	0.000000	545	0	550	59702
GCall_005062	0.09940	0.058799	0.00000	0.000000	545	0	550	59446
GCall_001646	0.09940	0.058958	0.00000	0.000000	545	0	550	59624
GCfix_009199	0.09922	0.058987	0.00000	0.000000	544	0	548	59512
GCfix_007942	0.09922	0.058716	0.00000	0.000000	544	0	544	58716
GCfix_006716	0.09922	0.059011	0.00000	0.000000	544	0	550	59798
GCfix_010300	0.09885	0.058667	0.00000	0.000000	542	0	544	58934
GCfix_005295	0.09885	0.058895	0.00000	0.000000	542	0	544	59162
GCfix_000386	0.09885	0.058658	0.00000	0.000000	542	0	546	59184
GCall_007891	0.09885	0.058597	0.00000	0.000000	542	0	544	58862
GCfix_007382	0.09867	0.058693	0.00000	0.000000	541	0	544	59070
GCfix_003707	0.09867	0.058419	0.00000	0.000000	541	0	542	58542
GCfix_001377	0.09867	0.058658	0.00000	0.000000	541	0	542	58774
GCfix_000501	0.09867	0.058640	0.00000	0.000000	541	0	548	59596
GCall_006461	0.09867	0.058584	0.00000	0.000000	541	0	542	58734
GCall_003083	0.09867	0.058627	0.00000	0.000000	541	0	542	58744
GCfix_007077	0.09849	0.058465	0.00000	0.000000	540	0	542	58692
GCall_011987	0.09849	0.058408	0.00000	0.000000	540	0	544	58894
GCall_008522	0.09849	0.058556	0.00000	0.000000	540	0	540	58556
GCall_006793	0.09849	0.058649	0.00000	0.000000	540	0	542	58918
GCall_003551	0.09849	0.058448	0.00000	0.000000	540	0	546	59348
GCfix_002463	0.09830	0.058078	0.00000	0.000000	539	0	542	58412
GCall_008253	0.09830	0.058114	0.00000	0.000000	539	0	540	58230
GCall_008146	0.09830	0.058176	0.00000	0.000000	539	0	542	58560
GCfix_010714	0.09812	0.058313	0.00000	0.000000	538	0	544	59150
GCfix_004846	0.09812	0.057977	0.00000	0.000000	538	0	540	58208
GCall_009888	0.09812	0.058182	0.00000	0.000000	538	0	540	58450
GCall_007688	0.09812	0.057974	0.00000	0.000000	538	0	540	58214
GCfix_000183	0.09776	0.058608	0.00000	0.000000	536	0	538	58908
GCall_005273	0.09776	0.058138	0.00000	0.000000	536	0	544	59096
GCall_004085	0.09776	0.057834	0.00000	0.000000	536	0	538	58102
GCfix_010475	0.09758	0.057862	0.00000	0.000000	535	0	538	58272
GCfix_008612	0.09758	0.057938	0.00000	0.000000	535	0	540	58528
GCfix_002692	0.09758	0.057805	0.00000	0.000000	535	0	542	58752
GCfix_002268	0.09758	0.057825	0.00000	0.000000	535	0	538	58160
GCfix_000833	0.09758	0.058006	0.00000	0.000000	535	0	538	58356
GCall_003919	0.09758	0.057698	0.00000	0.000000	535	0	536	57848
GCfix_008379	0.09739	0.057955	0.00000	0.000000	534	0	538	58496
GCfix_008279	0.09739	0.057820	0.00000	0.000000	534	0	536	58080
GCall_003354	0.09739	0.057904	0.00000	0.000000	534	0	538	58504
GCfix_010907	0.09721	0.057462	0.00000	0.000000	533	0	536	57850
GCfix_010820	0.09721	0.057870	0.00000	0.000000	533	0	536	58278
GCfix_008792	0.09721	0.057437	0.00000	0.000000	533	0	536	57804
GCfix_008218	0.09721	0.057579	0.00000	0.000000	533	0	538	58156
GCfix_006164	0.09721	0.057541	0.00000	0.000000	533	0	536	57918
GCall_010677	0.09721	0.057505	0.00000	0.000000	533	0	538	58156
GCfix_009109	0.09703	0.057340	0.00000	0.000000	532	0	534	57640
GCfix_008210	0.09703	0.057587	0.00000	0.000000	532	0	538	58310
GCfix_003507	0.09703	0.057720	0.00000	0.000000	532	0	534	57988
GCfix_008067	0.09685	0.058191	0.00000	0.000000	531	0	538	59174
GCfix_006691	0.09685	0.057522	0.00000	0.000000	531	0	536	58272
GCfix_005933	0.09685	0.057423	0.00000	0.000000	531	0	536	58060
GCfix_002881	0.09685	0.057282	0.00000	0.000000	531	0	534	57704
GCall_008236	0.09685	0.057378	0.00000	0.000000	531	0	532	57486
GCall_003574	0.09685	0.057296	0.00000	0.000000	531	0	532	57412
GCfix_007615	0.09666	0.057254	0.00000	0.000000	530	0	530	57254
GCall_011452	0.09666	0.057428	0.00000	0.000000	530	0	534	58028
GCall_008965	0.09666	0.057218	0.00000	0.000000	530	0	532	57444
GCall_008824	0.09666	0.057092	0.00000	0.000000	530	0	532	57316
GCall_003881	0.09666	0.057404	0.00000	0.000000	530	0	532	57662
GCall_000610	0.09666	0.057344	0.00000	0.000000	530	0	534	57902
GCfix_005163	0.09648	0.057378	0.00000	0.000000	529	0	530	57486
GCfix_001195	0.09648	0.057314	0.00000	0.000000	529	0	534	57940
GCall_010368	0.09648	0.057332	0.00000	0.000000	529	0	532	57782
GCfix_011817	0.09630	0.057158	0.00000	0.000000	528	0	530	57416
GCall_002328	0.09630	0.057096	0.00000	0.000000	528	0	530	57366
GCall_001493	0.09630	0.057210	0.00000	0.000000	528	0	532	57738
GCfix_010325	0.09612	0.057473	0.00000	0.000000	527	0	532	58148
GCall_006679	0.09593	0.056784	0.00000	0.000000	526	0	528	57010
GCfix_011891	0.09575	0.056984	0.00000	0.000000	525	0	528	57434
GCfix_008544	0.09575	0.056538	0.00000	0.000000	525	0	530	57156
GCfix_009699	0.09557	0.056554	0.00000	0.000000	524	0	528	57062
GCfix_002479	0.09557	0.056515	0.00000	0.000000	524	0	528	57056
GCfix_001523	0.09557	0.056503	0.00000	0.000000	524	0	526	56768
GCall_010777	0.09557	0.056721	0.00000	0.000000	524	0	528	57290
GCall_006778	0.09557	0.056777	0.00000	0.000000	524	0	532	57852
GCall_005098	0.09557	0.056593	0.00000	0.000000	524	0	530	57458
GCfix_009200	0.09539	0.057123	0.00000	0.000000	523	0	530	58142
GCfix_001825	0.09539	0.056662	0.00000	0.000000	523	0	526	57046
GCall_010169	0.09539	0.056584	0.00000	0.000000	523	0	526	57006
GCall_003473	0.09539	0.056735	0.00000	0.000000	523	0	528	57408
GCall_000439	0.09539	0.056609	0.00000	0.000000	523	0	530	57540
GCfix_006194	0.09520	0.056244	0.00000	0.000000	522	0	524	56544
GCfix_004724	0.09520	0.056763	0.00000	0.000000	522	0	530	57796
GCfix_002058	0.09520	0.056730	0.00000	0.000000	522	0	524	57000
GCfix_000668	0.09520	0.056474	0.00000	0.000000	522	0	530	57580
GCfix_000122	0.09520	0.056399	0.00000	0.000000	522	0	524	56668
GCfix_006854	0.09502	0.056565	0.00000	0.000000	521	0	528	57498
GCall_010616	0.09502	0.056260	0.00000	0.000000	521	0	524	56670
GCall_005933	0.09502	0.056024	0.00000	0.000000	521	0	524	56474
GCall_005618	0.09502	0.056972	0.00000	0.000000	521	0	528	57956
GCall_002957	0.09502	0.056272	0.00000	0.000000	521	0	528	57246
GCfix_009277	0.09484	0.056151	0.00000	0.000000	520	0	522	56370
GCfix_006994	0.09484	0.056321	0.00000	0.000000	520	0	522	56556
GCfix_000026	0.09484	0.056270	0.00000	0.000000	520	0	528	57348
GCall_005623	0.09484	0.056133	0.00000	0.000000	520	0	524	56698
GCall_001919	0.09484	0.056051	0.00000	0.000000	520	0	522	56276
GCall_001761	0.09484	0.055996	0.00000	0.000000	520	0	520	55996
GCfix_008380	0.09466	0.056008	0.00000	0.000000	519	0	522	56402
GCall_011248	0.09466	0.056205	0.00000	0.000000	519	0	520	56322
GCall_005302	0.09466	0.055965	0.00000	0.000000	519	0	522	56318
GCfix_005618	0.09447	0.056162	0.00000	0.000000	518	0	520	56462
GCall_011186	0.09447	0.055949	0.00000	0.000000	518	0	520	56224
GCall_005365	0.09447	0.056149	0.00000	0.000000	518	0	524	56906
GCall_002345	0.09447	0.056131	0.00000	0.000000	518	0	520	56394
GCfix_009378	0.09429	0.055664	0.00000	0.000000	517	0	522	56262
GCfix_009409	0.09411	0.055918	0.00000	0.000000	516	0	520	56446
GCfix_004976	0.09411	0.055873	0.00000	0.000000	516	0	518	56140
GCfix_004038	0.09411	0.055801	0.00000	0.000000	516	0	522	56570
GCall_006565	0.09411	0.055847	0.00000	0.000000	516	0	520	56414
GCfix_004562	0.09356	0.055781	0.00000	0.000000	513	0	520	56602
GCfix_005488	0.09338	0.055407	0.00000	0.000000	512	0	516	55932
GCfix_005179	0.09338	0.055301	0.00000	0.000000	512	0	514	55576
GCfix_004719	0.09338	0.055492	0.00000	0.000000	512	0	516	55992
GCfix_003449	0.09320	0.055266	0.00000	0.000000	511	0	514	55682
GCall_010815	0.09302	0.055068	0.00000	0.000000	510	0	512	55296
GCall_009233	0.09302	0.055631	0.00000	0.000000	510	0	512	55896
GCall_006378	0.09302	0.055283	0.00000	0.000000	510	0	518	56370
GCfix_009278	0.09283	0.055140	0.00000	0.000000	509	0	512	55590
GCfix_007078	0.09283	0.055034	0.00000	0.000000	509	0	514	55644
GCall_011111	0.09283	0.055226	0.00000	0.000000	509	0	512	55618
GCall_008351	0.09283	0.054892	0.00000	0.000000	509	0	512	55278
GCall_009948	0.09265	0.054967	0.00000	0.000000	508	0	510	55236
GCall_006561	0.09265	0.055195	0.00000	0.000000	508	0	510	55470
GCfix_009494	0.09247	0.054740	0.00000	0.000000	507	0	508	54890
GCall_007232	0.09247	0.055330	0.00000	0.000000	507	0	514	56222
GCall_006291	0.09247	0.054810	0.00000	0.000000	507	0	508	54928
GCfix_008415	0.09229	0.054558	0.00000	0.000000	506	0	506	54558
GCfix_005996	0.09229	0.054777	0.00000	0.000000	506	0	508	55048
GCall_009068	0.09229	0.054632	0.00000	0.000000	506	0	508	54932
GCall_002500	0.09229	0.054706	0.00000	0.000000	506	0	508	54932
GCfix_010952	0.09192	0.054260	0.00000	0.000000	504	0	504	54260
GCfix_003977	0.09192	0.054514	0.00000	0.000000	504	0	504	54514
GCall_006159	0.09192	0.054374	0.00000	0.000000	504	0	506	54674
GCfix_010122	0.09174	0.054447	0.00000	0.000000	503	0	506	54864
GCfix_009390	0.09174	0.054670	0.00000	0.000000	503	0	504	54820
GCall_011761	0.09174	0.054466	0.00000	0.000000	503	0	504	54616
GCfix_008132	0.09156	0.054246	0.00000	0.000000	502	0	506	54702
GCfix_007042	0.09156	0.053964	0.00000	0.000000	502	0	508	54734
GCfix_000328	0.09156	0.053868	0.00000	0.000000	502	0	506	54360
GCall_005051	0.09156	0.054209	0.00000	0.000000	502	0	506	54670
GCfix_009379	0.09137	0.054224	0.00000	0.000000	501	0	502	54332
GCall_010229	0.09137	0.054161	0.00000	0.000000	501	0	504	54514
GCall_009878	0.09137	0.054438	0.00000	0.000000	501	0	508	55332
GCfix_008095	0.09119	0.053964	0.00000	0.000000	500	0	502	54264
GCall_008336	0.09119	0.054020	0.00000	0.000000	500	0	502	54290
GCall_000369	0.09119	0.054274	0.00000	0.000000	500	0	502	54574
GCfix_007959	0.09101	0.054146	0.00000	0.000000	499	0	502	54564
GCfix_006392	0.09101	0.054066	0.00000	0.000000	499	0	506	54952
GCfix_006223	0.09101	0.053949	0.00000	0.000000	499	0	502	54324
GCall_011934	0.09101	0.054351	0.00000	0.000000	499	0	502	54770
GCall_006957	0.09101	0.054186	0.00000	0.000000	499	0	500	54336
GCfix_009840	0.09083	0.053897	0.00000	0.000000	498	0	500	54126
GCall_009088	0.09083	0.053885	0.00000	0.000000	498	0	502	54340
GCfix_007180	0.09064	0.053577	0.00000	0.000000	497	0	502	54222
GCfix_000310	0.09064	0.053576	0.00000	0.000000	497	0	498	53686
GCall_007808	0.09046	0.053583	0.00000	0.000000	496	0	498	53814
GCfix_005219	0.09028	0.053687	0.00000	0.000000	495	0	500	54362
GCfix_005031	0.09028	0.053281	0.00000	0.000000	495	0	498	53616
GCfix_000982	0.09028	0.053294	0.00000	0.000000	495	0	496	53444
GCall_002161	0.09028	0.053421	0.00000	0.000000	495	0	498	53798
GCall_000900	0.09028	0.053747	0.00000	0.000000	495	0	500	54424
GCfix_009922	0.09010	0.053385	0.00000	0.000000	494	0	496	53610
GCall_007752	0.09010	0.053465	0.00000	0.000000	494	0	498	53886
GCall_001408	0.09010	0.053484	0.00000	0.000000	494	0	494	53484
GCfix_002364	0.08992	0.053229	0.00000	0.000000	493	0	496	53608
GCfix_002314	0.08992	0.053111	0.00000	0.000000	493	0	496	53492
GCfix_000077	0.08992	0.053361	0.00000	0.000000	493	0	494	53486
GCall_010923	0.08992	0.053292	0.00000	0.000000	493	0	498	53930
GCfix_007384	0.08973	0.053480	0.00000	0.000000	492	0	498	54380
GCfix_000590	0.08973	0.053219	0.00000	0.000000	492	0	498	53936
GCfix_000458	0.08973	0.053069	0.00000	0.000000	492	0	494	53302
GCall_004601	0.08973	0.053518	0.00000	0.000000	492	0	496	54010
GCfix_010181	0.08955	0.053230	0.00000	0.000000	491	0	496	53838
GCfix_002984	0.08955	0.053117	0.00000	0.000000	491	0	494	53460
GCfix_001606	0.08937	0.053030	0.00000	0.000000	490	0	492	53298
GCfix_007930	0.08919	0.052614	0.00000	0.000000	489	0	492	52958
GCall_009163	0.08919	0.052942	0.00000	0.000000	489	0	490	53092
GCall_003813	0.08919	0.053295	0.00000	0.000000	489	0	492	53712
GCfix_008161	0.08900	0.052616	0.00000	0.000000	488	0	492	53144
GCfix_006793	0.08900	0.052748	0.00000	0.000000	488	0	490	53006
GCall_008165	0.08900	0.052699	0.00000	0.000000	488	0	490	52966
GCfix_005294	0.08882	0.052492	0.00000	0.000000	487	0	490	52878
GCfix_002865	0.08882	0.052713	0.00000	0.000000	487	0	490	53132
GCall_009033	0.08882	0.052614	0.00000	0.000000	487	0	490	53064
GCall_007674	0.08882	0.052851	0.00000	0.000000	487	0	492	53542
GCall_003903	0.08882	0.052339	0.00000	0.000000	487	0	488	52464
GCall_003527	0.08882	0.052484	0.00000	0.000000	487	0	488	52634
GCfix_011395	0.08864	0.052588	0.00000	0.000000	486	0	488	52816
GCfix_005155	0.08864	0.052398	0.00000	0.000000	486	0	490	52924
GCall_004855	0.08864	0.052574	0.00000	0.000000	486	0	488	52818
GCall_010052	0.08846	0.052531	0.00000	0.000000	485	0	486	52648
GCall_007354	0.08846	0.052656	0.00000	0.000000	485	0	486	52806
GCfix_009774	0.08827	0.052422	0.00000	0.000000	484	0	486	52662
GCfix_004814	0.08827	0.052377	0.00000	0.000000	484	0	488	52870
GCfix_002262	0.08827	0.052318	0.00000	0.000000	484	0	488	52836
GCall_010081	0.08827	0.052320	0.00000	0.000000	484	0	486	52620
GCall_008864	0.08827	0.052171	0.00000	0.000000	484	0	486	52442
GCall_001267	0.08827	0.052094	0.00000	0.000000	484	0	486	52352
GCfix_002668	0.08791	0.052131	0.00000	0.000000	482	0	486	52590
GCfix_008116	0.08773	0.052118	0.00000	0.000000	481	0	482	52268
GCfix_000661	0.08773	0.052116	0.00000	0.000000	481	0	484	52566
GCall_004890	0.08773	0.052067	0.00000	0.000000	481	0	484	52476
GCall_004494	0.08773	0.052023	0.00000	0.000000	481	0	484	52446
GCfix_008688	0.08754	0.052124	0.00000	0.000000	480	0	482	52424
GCfix_007304	0.08754	0.052013	0.00000	0.000000	480	0	484	52434
GCfix_003447	0.08754	0.051864	0.00000	0.000000	480	0	484	52398
GCall_007709	0.08754	0.051822	0.00000	0.000000	480	0	482	52050
GCall_009905	0.08736	0.051668	0.00000	0.000000	479	0	480	51818
GCall_003109	0.08736	0.051835	0.00000	0.000000	479	0	484	52448
GCall_000907	0.08736	0.051728	0.00000	0.000000	479	0	482	52178
GCfix_003988	0.08718	0.051759	0.00000	0.000000	478	0	480	52028
GCall_003628	0.08718	0.051606	0.00000	0.000000	478	0	478	51606
GCfix_011090	0.08700	0.051245	0.00000	0.000000	477	0	478	51362
GCall_008397	0.08700	0.051508	0.00000	0.000000	477	0	478	51658
GCall_006946	0.08700	0.051657	0.00000	0.000000	477	0	482	52374
GCfix_007757	0.08681	0.051494	0.00000	0.000000	476	0	480	51986
GCfix_003478	0.08681	0.051601	0.00000	0.000000	476	0	478	51860
GCall_003089	0.08681	0.051471	0.00000	0.000000	476	0	480	52040
GCall_001203	0.08681	0.051458	0.00000	0.000000	476	0	476	51458
GCfix_004364	0.08663	0.051087	0.00000	0.000000	475	0	478	51470
GCfix_001713	0.08663	0.051520	0.00000	0.000000	475	0	476	51670
GCall_009972	0.08663	0.051359	0.00000	0.000000	475	0	476	51478
GCfix_002122	0.08645	0.051360	0.00000	0.000000	474	0	478	51872
GCall_005210	0.08645	0.051464	0.00000	0.000000	474	0	476	51764
GCall_005173	0.08645	0.051317	0.00000	0.000000	474	0	476	51584
GCall_000293	0.08645	0.051170	0.00000	0.000000	474	0	474	51170
GCfix_009764	0.08627	0.051203	0.00000	0.000000	473	0	476	51580
GCfix_005845	0.08627	0.051241	0.00000	0.000000	473	0	476	51628
GCfix_009246	0.08609	0.050988	0.00000	0.000000	472	0	478	51568
GCfix_006390	0.08609	0.051207	0.00000	0.000000	472	0	476	51734
GCall_000070	0.08609	0.050875	0.00000	0.000000	472	0	474	51112
GCfix_006179	0.08590	0.050850	0.00000	0.000000	471	0	474	51234
GCfix_001888	0.08590	0.050934	0.00000	0.000000	471	0	474	51288
GCall_001778	0.08590	0.051578	0.00000	0.000000	471	0	476	52264
GCall_001613	0.08590	0.051000	0.00000	0.000000	471	0	474	51360
GCfix_008531	0.08572	0.050750	0.00000	0.000000	470	0	472	51016
GCall_004301	0.08572	0.050722	0.00000	0.000000	470	0	472	50952
GCfix_001959	0.08554	0.050564	0.00000	0.000000	469	0	472	50942
GCall_003537	0.08554	0.050596	0.00000	0.000000	469	0	470	50746
GCfix_001921	0.08536	0.050810	0.00000	0.000000	468	0	476	51842
GCall_004556	0.08517	0.050560	0.00000	0.000000	467	0	474	51448
GCfix_011680	0.08499	0.050669	0.00000	0.000000	466	0	468	50914
GCfix_006675	0.08481	0.050328	0.00000	0.000000	465	0	468	50748
GCall_007967	0.08481	0.050232	0.00000	0.000000	465	0	466	50382
GCall_002038	0.08481	0.050488	0.00000	0.000000	465	0	468	50914
GCall_000011	0.08481	0.049986	0.00000	0.000000	465	0	466	50094
GCfix_010919	0.08463	0.049988	0.00000	0.000000	464	0	468	50482
GCfix_003752	0.08463	0.050594	0.00000	0.000000	464	0	466	50862
GCall_010192	0.08463	0.050231	0.00000	0.000000	464	0	468	50776
GCall_001080	0.08463	0.050307	0.00000	0.000000	464	0	468	50810
GCfix_000494	0.08444	0.050240	0.00000	0.000000	463	0	464	50350
GCall_007245	0.08444	0.050110	0.00000	0.000000	463	0	466	50482
GCall_000946	0.08444	0.050450	0.00000	0.000000	463	0	468	51098
GCall_011282	0.08426	0.050020	0.00000	0.000000	462	0	462	50020
GCall_010980	0.08426	0.049902	0.00000	0.000000	462	0	464	50138
GCfix_006416	0.08408	0.049862	0.00000	0.000000	461	0	464	50244
GCfix_004354	0.08408	0.049726	0.00000	0.000000	461	0	462	49844
GCfix_000543	0.08408	0.049920	0.00000	0.000000	461	0	462	50038
GCall_006696	0.08408	0.049941	0.00000	0.000000	461	0	466	50648
GCall_006623	0.08408	0.049745	0.00000	0.000000	461	0	462	49854
GCall_005948	0.08408	0.049685	0.00000	0.000000	461	0	466	50268
GCall_002983	0.08408	0.050198	0.00000	0.000000	461	0	462	50348
GCall_000870	0.08408	0.050191	0.00000	0.000000	461	0	466	50908
GCfix_002715	0.08390	0.049578	0.00000	0.000000	460	0	469	50779
GCall_010329	0.08390	0.049949	0.00000	0.000000	460	0	464	50516
GCall_004377	0.08390	0.049766	0.00000	0.000000	460	0	462	50026
GCall_004213	0.08390	0.049971	0.00000	0.000000	460	0	464	50504
GCfix_001331	0.08371	0.049751	0.00000	0.000000	459	0	462	50140
GCfix_003192	0.08353	0.049623	0.00000	0.000000	458	0	464	50418
GCall_002199	0.08353	0.049319	0.00000	0.000000	458	0	464	50118
GCfix_008946	0.08335	0.050174	0.00000	0.000000	457	0	464	51192
GCall_001056	0.08335	0.049393	0.00000	0.000000	457	0	462	49998
GCall_000414	0.08335	0.049479	0.00000	0.000000	457	0	460	49854
GCfix_009368	0.08317	0.049394	0.00000	0.000000	456	0	458	49662
GCfix_002543	0.08317	0.049194	0.00000	0.000000	456	0	458	49470
GCall_011209	0.08317	0.049198	0.00000	0.000000	456	0	458	49464
GCall_009332	0.08317	0.049342	0.00000	0.000000	456	0	460	49786
GCall_008141	0.08317	0.049337	0.00000	0.000000	456	0	460	49846
GCall_011555	0.08298	0.049120	0.00000	0.000000	455	0	458	49570
GCall_008498	0.08298	0.049160	0.00000	0.000000	455	0	456	49310
GCall_006488	0.08298	0.049530	0.00000	0.000000	455	0	460	50280
GCfix_008283	0.08280	0.049486	0.00000	0.000000	454	0	456	49786
GCfix_006775	0.08280	0.049194	0.00000	0.000000	454	0	456	49452
GCall_011896	0.08262	0.048930	0.00000	0.000000	453	0	454	49050
GCall_009907	0.08262	0.048999	0.00000	0.000000	453	0	456	49390
GCall_003077	0.08262	0.048943	0.00000	0.000000	453	0	458	49584
GCall_000166	0.08262	0.049191	0.00000	0.000000	453	0	456	49610
GCall_007880	0.08244	0.049750	0.00000	0.000000	452	0	464	51376
GCfix_006125	0.08226	0.048809	0.00000	0.000000	451	0	456	49450
GCall_011691	0.08226	0.048932	0.00000	0.000000	451	0	454	49300
GCall_002225	0.08226	0.048842	0.00000	0.000000	451	0	452	48992
GCall_001387	0.08226	0.048730	0.00000	0.000000	451	0	456	49430
GCall_000834	0.08226	0.048846	0.00000	0.000000	451	0	452	48996
GCfix_009230	0.08207	0.049052	0.00000	0.000000	450	0	454	49612
GCfix_006184	0.08207	0.048726	0.00000	0.000000	450	0	454	49228
GCfix_001733	0.08207	0.048590	0.00000	0.000000	450	0	454	49132
GCall_010929	0.08207	0.048720	0.00000	0.000000	450	0	452	49020
GCall_009745	0.08207	0.048590	0.00000	0.000000	450	0	450	48590
GCall_009612	0.08189	0.048550	0.00000	0.000000	449	0	452	48960
GCfix_002051	0.08171	0.048461	0.00000	0.000000	448	0	452	48934
GCall_003620	0.08171	0.048360	0.00000	0.000000	448	0	448	48360
GCall_002020	0.08171	0.048428	0.00000	0.000000	448	0	450	48688
GCall_000634	0.08171	0.048510	0.00000	0.000000	448	0	450	48780
GCfix_003174	0.08153	0.048387	0.00000	0.000000	447	0	450	48768
GCall_001978	0.08134	0.048077	0.00000	0.000000	446	0	448	48312
GCall_009985	0.08098	0.048359	0.00000	0.000000	444	0	450	49182
GCall_000024	0.08098	0.047872	0.00000	0.000000	444	0	448	48368
GCfix_007100	0.08080	0.047805	0.00000	0.000000	443	0	446	48162
GCfix_005473	0.08080	0.048486	0.00000	0.000000	443	0	444	48636
GCfix_002954	0.08080	0.047898	0.00000	0.000000	443	0	446	48276
GCall_007316	0.08080	0.047908	0.00000	0.000000	443	0	448	48602
GCall_009992	0.08061	0.047708	0.00000	0.000000	442	0	442	47708
GCfix_011381	0.08043	0.048022	0.00000	0.000000	441	0	446	48666
GCfix_009808	0.08043	0.047736	0.00000	0.000000	441	0	444	48186
GCall_010523	0.08043	0.047737	0.00000	0.000000	441	0	446	48352
GCall_002517	0.08043	0.047778	0.00000	0.000000	441	0	444	48146
GCall_001015	0.08043	0.047574	0.00000	0.000000	441	0	442	47724
GCfix_011522	0.08025	0.047726	0.00000	0.000000	440	0	444	48286
GCfix_006932	0.08025	0.047606	0.00000	0.000000	440	0	444	48206
GCfix_001516	0.08025	0.047572	0.00000	0.000000	440	0	442	47842
GCfix_011811	0.08007	0.047470	0.00000	0.000000	439	0	442	47854
GCall_003795	0.08007	0.047523	0.00000	0.000000	439	0	446	48404
GCall_002734	0.08007	0.047590	0.00000	0.000000	439	0	440	47712
GCfix_005198	0.07988	0.047945	0.00000	0.000000	438	0	442	48440
GCall_005373	0.07988	0.047417	0.00000	0.000000	438	0	444	48210
GCall_003266	0.07988	0.047346	0.00000	0.000000	438	0	442	47872
GCfix_009836	0.07970	0.047371	0.00000	0.000000	437	0	444	48326
GCfix_002438	0.07970	0.047507	0.00000	0.000000	437	0	440	47926
GCall_009637	0.07970	0.047269	0.00000	0.000000	437	0	440	47652
GCfix_001590	0.07952	0.047307	0.00000	0.000000	436	0	438	47536
GCfix_000069	0.07952	0.047116	0.00000	0.000000	436	0	440	47602
GCall_001445	0.07952	0.047206	0.00000	0.000000	436	0	436	47206
GCfix_000939	0.07934	0.046855	0.00000	0.000000	435	0	440	47432
GCall_007076	0.07934	0.047188	0.00000	0.000000	435	0	442	48112
GCall_005548	0.07934	0.046921	0.00000	0.000000	435	0	436	47038
GCall_005171	0.07934	0.047100	0.00000	0.000000	435	0	438	47550
GCfix_004694	0.07915	0.046742	0.00000	0.000000	434	0	434	46742
GCall_008497	0.07915	0.047200	0.00000	0.000000	434	0	436	47500
GCall_002169	0.07915	0.047255	0.00000	0.000000	434	0	438	47822
GCall_000366	0.07915	0.046777	0.00000	0.000000	434	0	438	47274
GCfix_008425	0.07897	0.046585	0.00000	0.000000	433	0	436	46936
GCfix_003573	0.07897	0.046970	0.00000	0.000000	433	0	436	47340
GCall_004607	0.07897	0.046826	0.00000	0.000000	433	0	436	47246
GCfix_011629	0.07879	0.046674	0.00000	0.000000	432	0	436	47176
GCfix_007548	0.07879	0.046778	0.00000	0.000000	432	0	434	47046
GCfix_003389	0.07879	0.046332	0.00000	0.000000	432	0	434	46590
GCfix_002838	0.07879	0.047009	0.00000	0.000000	432	0	434	47276
GCall_003974	0.07879	0.046654	0.00000	0.000000	432	0	434	46922
GCall_005924	0.07824	0.046310	0.00000	0.000000	429	0	430	46426
GCall_002015	0.07824	0.046582	0.00000	0.000000	429	0	432	47002
GCall_000894	0.07824	0.046720	0.00000	0.000000	429	0	430	46838
GCfix_007512	0.07806	0.046230	0.00000	0.000000	428	0	430	46530
GCfix_001049	0.07788	0.045000	0.00000	0.000000	427	0	428	45150
GCall_003959	0.07770	0.046326	0.00000	0.000000	426	0	430	46810
GCfix_011795	0.07751	0.046040	0.00000	0.000000	425	0	426	46148
GCfix_008239	0.07715	0.045752	0.00000	0.000000	423	0	424	45870
GCfix_000253	0.07715	0.045886	0.00000	0.000000	423	0	426	46310
GCall_010694	0.07715	0.045777	0.00000	0.000000	423	0	424	45894
GCall_006569	0.07715	0.045622	0.00000	0.000000	423	0	426	45924
GCfix_003579	0.07697	0.045605	0.00000	0.000000	422	0	424	45878
GCfix_001592	0.07678	0.045532	0.00000	0.000000	421	0	426	46184
GCfix_002482	0.07660	0.045246	0.00000	0.000000	420	0	422	45546
GCall_009697	0.07660	0.045694	0.00000	0.000000	420	0	424	46172
GCfix_008952	0.07605	0.044953	0.00000	0.000000	417	0	418	45068
GCall_002159	0.07587	0.044961	0.00000	0.000000	416	0	422	45760
GCall_001865	0.07587	0.044917	0.00000	0.000000	416	0	420	45370
GCall_000123	0.07587	0.044806	0.00000	0.000000	416	0	418	45066
GCall_010215	0.07569	0.044854	0.00000	0.000000	415	0	418	45238
GCall_009953	0.07569	0.044878	0.00000	0.000000	415	0	418	45302
GCall_000703	0.07569	0.044860	0.00000	0.000000	415	0	420	45500
GCfix_004076	0.07514	0.044422	0.00000	0.000000	412	0	412	44422
GCall_008705	0.07514	0.044634	0.00000	0.000000	412	0	418	45396
GCfix_005678	0.07496	0.044347	0.00000	0.000000	411	0	414	44700
GCfix_004684	0.07478	0.044424	0.00000	0.000000	410	0	416	45186
GCall_011701	0.07478	0.044208	0.00000	0.000000	410	0	412	44446
GCall_003582	0.07478	0.044309	0.00000	0.000000	410	0	414	44808
GCall_011580	0.07441	0.044008	0.00000	0.000000	408	0	408	44008
GCall_008580	0.07441	0.044368	0.00000	0.000000	408	0	410	44668
GCall_003922	0.07441	0.044251	0.00000	0.000000	408	0	412	44764
GCfix_009804	0.07423	0.044161	0.00000	0.000000	407	0	410	44578
GCfix_001466	0.07423	0.043936	0.00000	0.000000	407	0	412	44512
GCfix_002651	0.07405	0.043770	0.00000	0.000000	406	0	408	43992
GCall_008239	0.07405	0.043783	0.00000	0.000000	406	0	408	44012
GCall_011014	0.07350	0.043444	0.00000	0.000000	403	0	404	43562
GCfix_002913	0.07332	0.043445	0.00000	0.000000	402	0	406	43936
GCfix_010039	0.07295	0.043398	0.00000	0.000000	400	0	404	43958
GCall_002851	0.07295	0.043338	0.00000	0.000000	400	0	402	43638
GCfix_001324	0.07277	0.043218	0.00000	0.000000	399	0	404	43926
GCall_000752	0.07277	0.043439	0.00000	0.000000	399	0	402	43824
GCfix_011289	0.07259	0.043055	0.00000	0.000000	398	0	402	43590
GCall_011257	0.07259	0.043110	0.00000	0.000000	398	0	398	43110
GCall_009760	0.07259	0.043189	0.00000	0.000000	398	0	404	44054
GCall_009296	0.07241	0.042802	0.00000	0.000000	397	0	402	43458
GCall_002514	0.07241	0.043048	0.00000	0.000000	397	0	400	43456
GCall_002046	0.07241	0.042852	0.00000	0.000000	397	0	400	43222
GCfix_000276	0.07222	0.042741	0.00000	0.000000	396	0	400	43316
GCall_006538	0.07222	0.042838	0.00000	0.000000	396	0	398	43082
GCfix_006046	0.07204	0.042772	0.00000	0.000000	395	0	396	42880
GCall_007852	0.07168	0.042404	0.00000	0.000000	393	0	394	42554
GCfix_010822	0.07131	0.042447	0.00000	0.000000	391	0	396	43098
GCall_001437	0.07131	0.042257	0.00000	0.000000	391	0	392	42374
GCfix_001423	0.07113	0.042225	0.00000	0.000000	390	0	392	42450
GCfix_000765	0.07113	0.042250	0.00000	0.000000	390	0	390	42250
GCfix_006557	0.07095	0.042004	0.00000	0.000000	389	0	390	42130
GCfix_001301	0.07095	0.042150	0.00000	0.000000	389	0	392	42570
GCall_008644	0.07095	0.042174	0.00000	0.000000	389	0	390	42324
GCall_008392	0.07076	0.042029	0.00000	0.000000	388	0	392	42554
GCall_004341	0.07076	0.042192	0.00000	0.000000	388	0	388	42192
GCall_000918	0.07076	0.041906	0.00000	0.000000	388	0	390	42206
GCall_011148	0.07040	0.041673	0.00000	0.000000	386	0	388	41942
GCall_010909	0.07022	0.041568	0.00000	0.000000	385	0	386	41718
GCall_005091	0.07022	0.041766	0.00000	0.000000	385	0	386	41916
GCfix_008175	0.07004	0.041558	0.00000	0.000000	384	0	384	41558
GCfix_009980	0.06985	0.041438	0.00000	0.000000	383	0	384	41554
GCall_010217	0.06985	0.041551	0.00000	0.000000	383	0	392	42806
GCall_008851	0.06985	0.041394	0.00000	0.000000	383	0	384	41510
GCfix_003441	0.06967	0.041292	0.00000	0.000000	382	0	382	41292
GCfix_000662	0.06967	0.041182	0.00000	0.000000	382	0	382	41182
GCall_005804	0.06949	0.041429	0.00000	0.000000	381	0	384	41846
GCfix_009530	0.06931	0.040976	0.00000	0.000000	380	0	380	40976
GCall_006409	0.06894	0.040766	0.00000	0.000000	378	0	378	40766
GCall_005534	0.06894	0.040868	0.00000	0.000000	378	0	380	41168
GCfix_009682	0.06876	0.040695	0.00000	0.000000	377	0	380	41032
GCall_002469	0.06858	0.040494	0.00000	0.000000	376	0	378	40754
GCfix_007818	0.06803	0.040346	0.00000	0.000000	373	0	374	40454
GCfix_008651	0.06785	0.040404	0.00000	0.000000	372	0	374	40672
GCall_002631	0.06785	0.040212	0.00000	0.000000	372	0	372	40212
GCfix_007858	0.06748	0.039922	0.00000	0.000000	370	0	374	40414
GCall_009970	0.06730	0.039830	0.00000	0.000000	369	0	372	40206
GCfix_006246	0.06693	0.039774	0.00000	0.000000	367	0	370	40142
GCall_003265	0.06693	0.039748	0.00000	0.000000	367	0	370	40096
GCfix_000468	0.06657	0.039371	0.00000	0.000000	365	0	366	39496
GCall_007574	0.06621	0.039268	0.00000	0.000000	363	0	366	39620
GCfix_008322	0.06584	0.039391	0.00000	0.000000	361	0	364	39816
GCall_000432	0.06566	0.039017	0.00000	0.000000	360	0	364	39592
GCfix_007293	0.06548	0.038760	0.00000	0.000000	359	0	362	39146
GCall_006580	0.06548	0.038954	0.00000	0.000000	359	0	362	39372
GCfix_010724	0.06511	0.038666	0.00000	0.000000	357	0	358	38816
GCfix_010995	0.06456	0.038232	0.00000	0.000000	354	0	356	38466
GCfix_006748	0.06456	0.038354	0.00000	0.000000	354	0	356	38654
GCfix_007432	0.06438	0.038083	0.00000	0.000000	353	0	356	38462
GCall_011870	0.06438	0.038244	0.00000	0.000000	353	0	354	38394
GCall_007900	0.06438	0.038331	0.00000	0.000000	353	0	354	38440
GCall_005794	0.06420	0.038051	0.00000	0.000000	352	0	354	38318
GCfix_005514	0.06402	0.038110	0.00000	0.000000	351	0	352	38260
GCall_002381	0.06402	0.038178	0.00000	0.000000	351	0	352	38328
GCfix_008713	0.06383	0.037940	0.00000	0.000000	350	0	354	38466
GCall_010756	0.06329	0.037490	0.00000	0.000000	347	0	348	37608
GCall_002145	0.06329	0.037423	0.00000	0.000000	347	0	348	37540
GCfix_002761	0.06292	0.037272	0.00000	0.000000	345	0	348	37658
GCfix_005470	0.06274	0.037089	0.00000	0.000000	344	0	346	37314
GCall_002611	0.06238	0.037032	0.00000	0.000000	342	0	344	37300
GCall_009976	0.06165	0.036414	0.00000	0.000000	338	0	340	36674
GCfix_003914	0.06128	0.036502	0.00000	0.000000	336	0	336	36502
GCall_000765	0.06092	0.036088	0.00000	0.000000	334	0	338	36554
GCall_011139	0.06073	0.035944	0.00000	0.000000	333	0	334	36062
GCall_008298	0.06073	0.036038	0.00000	0.000000	333	0	334	36154
GCall_005506	0.06055	0.035916	0.00000	0.000000	332	0	332	35916
GCall_003420	0.06055	0.035854	0.00000	0.000000	332	0	332	35854
GCall_005901	0.06037	0.035902	0.00000	0.000000	331	0	334	36352
GCall_001874	0.06000	0.035559	0.00000	0.000000	329	0	330	35676
GCfix_001024	0.05909	0.034988	0.00000	0.000000	324	0	328	35466
GCall_010432	0.05909	0.035392	0.00000	0.000000	324	0	326	35692
GCfix_006488	0.05891	0.035400	0.00000	0.000000	323	0	326	35850
GCfix_000338	0.05855	0.034649	0.00000	0.000000	321	0	322	34766
GCall_007634	0.05818	0.034686	0.00000	0.000000	319	0	322	35104
GCall_007645	0.05745	0.034195	0.00000	0.000000	315	0	320	34830
GCall_011493	0.05508	0.032512	0.00000	0.000000	302	0	304	32736
GCall_008335	0.05508	0.032630	0.00000	0.000000	302	0	302	32630
GCfix_004325	0.05399	0.031760	0.00000	0.000000	296	0	298	32018
GCfix_010005	0.05362	0.031789	0.00000	0.000000	294	0	296	32010
GCfix_006234	0.05362	0.031827	0.00000	0.000000	294	0	296	32102
GCall_001350	0.05326	0.031478	0.00000	0.000000	292	0	292	31478
GCall_009982	0.05234	0.030916	0.00000	0.000000	287	0	288	31034
GCfix_010027	0.05180	0.030748	0.00000	0.000000	284	0	288	31282
GCall_002337	0.05180	0.030626	0.00000	0.000000	284	0	286	30864
GCall_008869	0.05052	0.029943	0.00000	0.000000	277	0	278	29978
GCfix_002574	0.04997	0.029703	0.00000	0.000000	274	0	276	29972
GCall_006796	0.04961	0.029412	0.00000	0.000000	272	0	272	29412
GCfix_008854	0.04906	0.029156	0.00000	0.000000	269	0	270	29306
GCall_007775	0.04888	0.028938	0.00000	0.000000	268	0	268	28938
GCall_001492	0.04760	0.028242	0.00000	0.000000	261	0	266	28888
GCall_003056	0.04687	0.027753	0.00000	0.000000	257	0	258	27870
GCfix_005042	0.04669	0.027694	0.00000	0.000000	256	0	258	27994
GCall_009316	0.04651	0.027738	0.00000	0.000000	255	0	258	28188
GCall_007813	0.04596	0.027144	0.00000	0.000000	252	0	252	27144
GCfix_008711	0.04505	0.026634	0.00000	0.000000	247	0	250	26976
GCfix_010726	0.04468	0.026332	0.00000	0.000000	245	0	246	26448
GCall_005716	0.04268	0.025600	0.00000	0.000000	234	0	238	26200
GCfix_000658	0.04177	0.024682	0.00000	0.000000	229	0	230	24832
GCfix_000120	0.04158	0.024722	0.00000	0.000000	228	0	230	24994
GCfix_008781	0.03757	0.022145	0.00000	0.000000	206	0	208	22376
GCfix_006126	0.03739	0.022272	0.00000	0.000000	205	0	206	22422
GCfix_009742	0.03629	0.021488	0.00000	0.000000	199	0	200	21638
GCfix_003525	0.03301	0.019686	0.00000	0.000000	181	0	184	20096
GCall_009807	0.02426	0.014330	0.00000	0.000000	133	0	134	14480
GCfix_004141	0.01933	0.011442	0.00000	0.000000	106	0	108	11674
GCfix_001579	0.01714	0.012848	0.00000	0.000000	94	0	136	19118
GCall_006686	0.01660	0.009942	0.00000	0.000000	91	0	92	10092
GCfix_000666	0.01459	0.008638	0.00000	0.000000	80	0	80	8638
GCall_002398	0.01167	0.006953	0.00000	0.000000	64	0	66	7228
GCfix_001405	0.01131	0.006670	0.00000	0.000000	62	0	62	6670
GCfix_009551	0.00438	0.002518	0.00000	0.000000	24	0	24	2518
