#name	%unambiguousReads	unambiguousMB	%ambiguousReads	ambiguousMB	unambiguousReads	ambiguousReads	assignedReads	assignedBases
GCfix_000952	0.65128	0.293230	0.00000	0.000000	3628	0	3642	294466
GCall_008070	0.24360	0.146672	0.00000	0.000000	1357	0	1370	148428
GCfix_002804	0.21829	0.131546	0.00000	0.000000	1216	0	1220	131958
GCall_001851	0.21721	0.130684	0.00000	0.000000	1210	0	1214	131284
GCall_003884	0.21596	0.129808	0.00000	0.000000	1203	0	1208	130482
GCfix_010893	0.21183	0.127827	0.00000	0.000000	1180	0	1190	129112
GCall_008247	0.21129	0.127182	0.00000	0.000000	1177	0	1184	128156
GCall_004788	0.21111	0.127276	0.00000	0.000000	1176	0	1182	128144
GCall_004481	0.21003	0.126753	0.00000	0.000000	1170	0	1178	127890
GCall_010027	0.20985	0.125965	0.00000	0.000000	1169	0	1172	126310
GCfix_008874	0.20824	0.125775	0.00000	0.000000	1160	0	1166	126526
GCall_004122	0.20806	0.125010	0.00000	0.000000	1159	0	1166	126028
GCfix_009103	0.20590	0.124232	0.00000	0.000000	1147	0	1154	125250
GCfix_010422	0.20447	0.122940	0.00000	0.000000	1139	0	1146	123884
GCall_001634	0.20375	0.122887	0.00000	0.000000	1135	0	1142	123790
GCfix_004391	0.20357	0.122466	0.00000	0.000000	1134	0	1136	122726
GCfix_002038	0.20321	0.122205	0.00000	0.000000	1132	0	1136	122740
GCall_005748	0.20195	0.121156	0.00000	0.000000	1125	0	1130	121814
GCfix_006285	0.20159	0.121205	0.00000	0.000000	1123	0	1130	122158
GCfix_010983	0.20088	0.121371	0.00000	0.000000	1119	0	1128	122658
GCfix_007750	0.20088	0.121077	0.00000	0.000000	1119	0	1124	121712
GCfix_010341	0.20034	0.120517	0.00000	0.000000	1116	0	1122	121310
GCfix_011728	0.19980	0.120576	0.00000	0.000000	1113	0	1122	121896
GCall_006217	0.19926	0.120103	0.00000	0.000000	1110	0	1114	120636
GCall_002161	0.19747	0.118853	0.00000	0.000000	1100	0	1108	119908
GCall_002983	0.19693	0.119110	0.00000	0.000000	1097	0	1102	119818
GCfix_005060	0.19657	0.118330	0.00000	0.000000	1095	0	1096	118480
GCall_007723	0.19657	0.121499	0.00000	0.000000	1095	0	1110	123706
GCall_006870	0.19585	0.117930	0.00000	0.000000	1091	0	1098	118886
GCall_006242	0.19567	0.118170	0.00000	0.000000	1090	0	1094	118662
GCfix_000022	0.19459	0.117188	0.00000	0.000000	1084	0	1088	117684
GCfix_002883	0.19406	0.116120	0.00000	0.000000	1081	0	1084	116536
GCfix_005405	0.19388	0.116608	0.00000	0.000000	1080	0	1090	117894
GCall_004442	0.19370	0.116531	0.00000	0.000000	1079	0	1082	116908
GCall_010142	0.19352	0.116628	0.00000	0.000000	1078	0	1084	117372
GCall_010314	0.19262	0.115697	0.00000	0.000000	1073	0	1078	116382
GCall_006378	0.19226	0.115918	0.00000	0.000000	1071	0	1078	116860
GCfix_003152	0.19190	0.115275	0.00000	0.000000	1069	0	1076	116152
GCfix_007747	0.19118	0.115358	0.00000	0.000000	1065	0	1070	116074
GCfix_000188	0.19011	0.114574	0.00000	0.000000	1059	0	1068	115866
GCall_005749	0.18993	0.114195	0.00000	0.000000	1058	0	1064	114972
GCfix_001910	0.18975	0.114745	0.00000	0.000000	1057	0	1062	115464
GCall_006262	0.18975	0.113444	0.00000	0.000000	1057	0	1062	114194
GCfix_011827	0.18957	0.113841	0.00000	0.000000	1056	0	1064	114860
GCall_004436	0.18921	0.113776	0.00000	0.000000	1054	0	1056	114040
GCall_010123	0.18867	0.113615	0.00000	0.000000	1051	0	1056	114258
GCall_005062	0.18849	0.113167	0.00000	0.000000	1050	0	1052	113434
GCfix_000358	0.18777	0.112318	0.00000	0.000000	1046	0	1050	112876
GCfix_005299	0.18723	0.113081	0.00000	0.000000	1043	0	1048	113768
GCall_004019	0.18705	0.112676	0.00000	0.000000	1042	0	1048	113546
GCall_010977	0.18687	0.112542	0.00000	0.000000	1041	0	1044	112992
GCall_000069	0.18634	0.112061	0.00000	0.000000	1038	0	1042	112626
GCfix_011331	0.18616	0.112413	0.00000	0.000000	1037	0	1042	113094
GCall_000208	0.18544	0.111971	0.00000	0.000000	1033	0	1042	113248
GCall_006502	0.18526	0.111452	0.00000	0.000000	1032	0	1036	112052
GCall_011687	0.18508	0.111610	0.00000	0.000000	1031	0	1038	112522
GCfix_005555	0.18418	0.110824	0.00000	0.000000	1026	0	1028	111124
GCall_005056	0.18400	0.110429	0.00000	0.000000	1025	0	1030	111042
GCfix_011715	0.18364	0.110617	0.00000	0.000000	1023	0	1028	111234
GCfix_005569	0.18364	0.110187	0.00000	0.000000	1023	0	1030	111198
GCfix_008217	0.18310	0.109869	0.00000	0.000000	1020	0	1024	110396
GCfix_011094	0.18275	0.110016	0.00000	0.000000	1018	0	1024	110840
GCall_011608	0.18275	0.110190	0.00000	0.000000	1018	0	1022	110790
GCall_004064	0.18257	0.110158	0.00000	0.000000	1017	0	1024	111072
GCfix_001628	0.18239	0.109800	0.00000	0.000000	1016	0	1022	110670
GCfix_007349	0.18203	0.109636	0.00000	0.000000	1014	0	1018	110130
GCall_006853	0.18203	0.109693	0.00000	0.000000	1014	0	1018	110260
GCall_007731	0.18185	0.109594	0.00000	0.000000	1013	0	1016	109980
GCall_008380	0.18167	0.109818	0.00000	0.000000	1012	0	1016	110388
GCfix_010596	0.18131	0.109136	0.00000	0.000000	1010	0	1014	109736
GCfix_002655	0.18059	0.108676	0.00000	0.000000	1006	0	1012	109576
GCall_003002	0.18059	0.108486	0.00000	0.000000	1006	0	1006	108486
GCfix_001586	0.18041	0.108765	0.00000	0.000000	1005	0	1010	109368
GCall_008912	0.18005	0.107981	0.00000	0.000000	1003	0	1008	108666
GCall_003050	0.17987	0.108209	0.00000	0.000000	1002	0	1010	109274
GCfix_009343	0.17969	0.108036	0.00000	0.000000	1001	0	1008	108950
GCfix_009734	0.17951	0.107850	0.00000	0.000000	1000	0	1004	108340
GCall_009919	0.17951	0.108122	0.00000	0.000000	1000	0	1006	108950
GCfix_000590	0.17934	0.108297	0.00000	0.000000	999	0	1010	109736
GCfix_002813	0.17916	0.107755	0.00000	0.000000	998	0	1004	108622
GCfix_007507	0.17862	0.107794	0.00000	0.000000	995	0	998	108202
GCfix_006745	0.17862	0.108402	0.00000	0.000000	995	0	1000	109152
GCfix_011443	0.17754	0.106842	0.00000	0.000000	989	0	990	106956
GCfix_005310	0.17754	0.106999	0.00000	0.000000	989	0	994	107718
GCall_010815	0.17754	0.107097	0.00000	0.000000	989	0	996	107984
GCall_004897	0.17736	0.106812	0.00000	0.000000	988	0	992	107320
GCall_010748	0.17718	0.106660	0.00000	0.000000	987	0	990	107030
GCall_002180	0.17664	0.106619	0.00000	0.000000	984	0	994	107984
GCfix_000077	0.17646	0.106314	0.00000	0.000000	983	0	988	107028
GCall_011861	0.17646	0.106158	0.00000	0.000000	983	0	988	106842
GCall_000576	0.17646	0.106212	0.00000	0.000000	983	0	992	107358
GCall_010169	0.17431	0.105078	0.00000	0.000000	971	0	980	106396
GCfix_001509	0.17377	0.104671	0.00000	0.000000	968	0	972	105172
GCall_005872	0.17377	0.104894	0.00000	0.000000	968	0	976	105986
GCall_010902	0.17359	0.104568	0.00000	0.000000	967	0	972	105284
GCfix_011918	0.17341	0.104386	0.00000	0.000000	966	0	966	104386
GCfix_008578	0.17323	0.103876	0.00000	0.000000	965	0	972	104852
GCfix_002088	0.17323	0.104164	0.00000	0.000000	965	0	966	104282
GCall_008868	0.17305	0.104217	0.00000	0.000000	964	0	972	105278
GCall_004601	0.17305	0.104396	0.00000	0.000000	964	0	968	104930
GCfix_000668	0.17287	0.103610	0.00000	0.000000	963	0	964	103718
GCall_004960	0.17287	0.104176	0.00000	0.000000	963	0	968	104894
GCfix_004183	0.17269	0.104438	0.00000	0.000000	962	0	970	105534
GCfix_009472	0.17251	0.103483	0.00000	0.000000	961	0	966	104130
GCall_008336	0.17251	0.103681	0.00000	0.000000	961	0	968	104544
GCall_009124	0.17233	0.103850	0.00000	0.000000	960	0	962	104150
GCfix_001510	0.17197	0.103454	0.00000	0.000000	958	0	962	104018
GCall_001472	0.17162	0.103135	0.00000	0.000000	956	0	958	103364
GCfix_005933	0.17144	0.103524	0.00000	0.000000	955	0	958	103932
GCall_000296	0.17144	0.102690	0.00000	0.000000	955	0	958	103140
GCall_011713	0.17126	0.102842	0.00000	0.000000	954	0	958	103342
GCfix_006160	0.17090	0.102905	0.00000	0.000000	952	0	958	103704
GCall_010833	0.17090	0.102307	0.00000	0.000000	952	0	958	103134
GCfix_002677	0.17072	0.102576	0.00000	0.000000	951	0	956	103202
GCall_009628	0.17054	0.102634	0.00000	0.000000	950	0	952	102892
GCall_000439	0.17036	0.102525	0.00000	0.000000	949	0	954	103140
GCfix_010475	0.16964	0.102281	0.00000	0.000000	945	0	952	103196
GCall_002328	0.16946	0.102340	0.00000	0.000000	944	0	950	103158
GCfix_004773	0.16910	0.101834	0.00000	0.000000	942	0	944	102102
GCfix_004146	0.16910	0.101578	0.00000	0.000000	942	0	944	101854
GCall_010770	0.16910	0.102121	0.00000	0.000000	942	0	948	102872
GCall_008236	0.16910	0.102059	0.00000	0.000000	942	0	946	102568
GCall_008503	0.16892	0.101571	0.00000	0.000000	941	0	948	102446
GCfix_005857	0.16874	0.101258	0.00000	0.000000	940	0	945	101920
GCall_000331	0.16856	0.101199	0.00000	0.000000	939	0	942	101580
GCfix_006220	0.16838	0.101754	0.00000	0.000000	938	0	946	102794
GCfix_008919	0.16803	0.100915	0.00000	0.000000	936	0	940	101370
GCfix_008218	0.16803	0.100926	0.00000	0.000000	936	0	940	101426
GCall_006695	0.16785	0.101169	0.00000	0.000000	935	0	938	101546
GCall_003919	0.16785	0.100976	0.00000	0.000000	935	0	944	102094
GCfix_009248	0.16767	0.100795	0.00000	0.000000	934	0	938	101354
GCfix_009936	0.16731	0.100209	0.00000	0.000000	932	0	934	100474
GCfix_003461	0.16731	0.100377	0.00000	0.000000	932	0	936	100904
GCfix_008370	0.16713	0.100496	0.00000	0.000000	931	0	940	101736
GCfix_004361	0.16713	0.100776	0.00000	0.000000	931	0	934	101126
GCfix_002912	0.16659	0.100269	0.00000	0.000000	928	0	936	101280
GCfix_005505	0.16641	0.100031	0.00000	0.000000	927	0	932	100600
GCall_001371	0.16641	0.100267	0.00000	0.000000	927	0	930	100680
GCall_005210	0.16587	0.100048	0.00000	0.000000	924	0	928	100610
GCall_003574	0.16587	0.100190	0.00000	0.000000	924	0	928	100748
GCall_000369	0.16587	0.099712	0.00000	0.000000	924	0	928	100166
GCfix_004611	0.16551	0.099710	0.00000	0.000000	922	0	924	99952
GCfix_003151	0.16551	0.099605	0.00000	0.000000	922	0	926	100134
GCall_010506	0.16551	0.099410	0.00000	0.000000	922	0	926	99924
GCall_010349	0.16551	0.099559	0.00000	0.000000	922	0	926	99970
GCfix_003924	0.16515	0.099476	0.00000	0.000000	920	0	922	99744
GCall_009880	0.16497	0.099616	0.00000	0.000000	919	0	926	100526
GCfix_003248	0.16479	0.099206	0.00000	0.000000	918	0	924	100008
GCall_008872	0.16479	0.099098	0.00000	0.000000	918	0	924	99906
GCfix_002652	0.16426	0.098958	0.00000	0.000000	915	0	918	99408
GCfix_004976	0.16390	0.098982	0.00000	0.000000	913	0	918	99732
GCall_000632	0.16390	0.098772	0.00000	0.000000	913	0	916	99222
GCfix_011395	0.16372	0.098747	0.00000	0.000000	912	0	916	99306
GCfix_008609	0.16372	0.098257	0.00000	0.000000	912	0	916	98748
GCall_009882	0.16372	0.098540	0.00000	0.000000	912	0	918	99294
GCfix_005235	0.16354	0.098387	0.00000	0.000000	911	0	918	99396
GCfix_003584	0.16354	0.098660	0.00000	0.000000	911	0	916	99270
GCfix_011877	0.16336	0.098378	0.00000	0.000000	910	0	914	98914
GCfix_003352	0.16318	0.098121	0.00000	0.000000	909	0	916	99044
GCfix_001776	0.16318	0.098202	0.00000	0.000000	909	0	916	99068
GCfix_011884	0.16300	0.098377	0.00000	0.000000	908	0	912	98910
GCfix_000287	0.16300	0.098195	0.00000	0.000000	908	0	914	98966
GCfix_006134	0.16282	0.098728	0.00000	0.000000	907	0	912	99406
GCfix_007304	0.16264	0.097852	0.00000	0.000000	906	0	908	98152
GCall_005204	0.16264	0.097996	0.00000	0.000000	906	0	908	98256
GCfix_009899	0.16246	0.097567	0.00000	0.000000	905	0	910	98216
GCfix_006184	0.16246	0.097670	0.00000	0.000000	905	0	908	98016
GCfix_003565	0.16246	0.097991	0.00000	0.000000	905	0	910	98668
GCall_009241	0.16228	0.100136	0.00000	0.000000	904	0	914	101606
GCall_008310	0.16228	0.097939	0.00000	0.000000	904	0	912	99032
GCall_002482	0.16228	0.097724	0.00000	0.000000	904	0	910	98524
GCfix_006706	0.16210	0.097704	0.00000	0.000000	903	0	910	98686
GCall_010192	0.16210	0.097552	0.00000	0.000000	903	0	906	97970
GCall_005107	0.16192	0.097073	0.00000	0.000000	902	0	906	97576
GCfix_010598	0.16174	0.097364	0.00000	0.000000	901	0	912	98692
GCall_001167	0.16174	0.097288	0.00000	0.000000	901	0	902	97438
GCfix_011936	0.16156	0.097564	0.00000	0.000000	900	0	902	97786
GCfix_007049	0.16138	0.096645	0.00000	0.000000	899	0	904	97336
GCall_007925	0.16138	0.097173	0.00000	0.000000	899	0	900	97292
GCfix_002058	0.16120	0.097316	0.00000	0.000000	898	0	902	97840
GCfix_007492	0.16102	0.097110	0.00000	0.000000	897	0	898	97260
GCall_008190	0.16102	0.097076	0.00000	0.000000	897	0	902	97826
GCall_011924	0.16085	0.097027	0.00000	0.000000	896	0	898	97260
GCall_010677	0.16085	0.097237	0.00000	0.000000	896	0	900	97806
GCall_006039	0.16085	0.096742	0.00000	0.000000	896	0	898	97042
GCall_002924	0.16085	0.097168	0.00000	0.000000	896	0	902	97948
GCall_007207	0.16067	0.096313	0.00000	0.000000	895	0	896	96432
GCall_003996	0.16031	0.095962	0.00000	0.000000	893	0	898	96612
GCfix_007733	0.15995	0.096490	0.00000	0.000000	891	0	894	96940
GCall_007880	0.15995	0.097699	0.00000	0.000000	891	0	902	99170
GCall_006830	0.15977	0.095968	0.00000	0.000000	890	0	890	95968
GCall_007232	0.15959	0.096269	0.00000	0.000000	889	0	896	97204
GCall_007688	0.15923	0.095694	0.00000	0.000000	887	0	892	96414
GCall_005460	0.15923	0.095392	0.00000	0.000000	887	0	888	95542
GCall_009239	0.15905	0.095781	0.00000	0.000000	886	0	892	96528
GCall_005273	0.15905	0.095826	0.00000	0.000000	886	0	890	96426
GCall_003518	0.15887	0.095738	0.00000	0.000000	885	0	889	96146
GCall_004953	0.15851	0.094961	0.00000	0.000000	883	0	888	95646
GCall_001778	0.15815	0.097353	0.00000	0.000000	881	0	890	98618
GCall_000282	0.15815	0.095169	0.00000	0.000000	881	0	890	96420
GCfix_008531	0.15797	0.095057	0.00000	0.000000	880	0	882	95326
GCall_001919	0.15797	0.095136	0.00000	0.000000	880	0	884	95626
GCall_009745	0.15779	0.095089	0.00000	0.000000	879	0	882	95506
GCall_005933	0.15779	0.094700	0.00000	0.000000	879	0	884	95382
GCall_006134	0.15761	0.094774	0.00000	0.000000	878	0	880	95074
GCall_003083	0.15761	0.094870	0.00000	0.000000	878	0	880	95128
GCfix_010434	0.15743	0.094860	0.00000	0.000000	877	0	884	95762
GCfix_010086	0.15725	0.094562	0.00000	0.000000	876	0	880	95058
GCfix_000661	0.15725	0.094678	0.00000	0.000000	876	0	880	95246
GCall_006461	0.15725	0.094973	0.00000	0.000000	876	0	882	95726
GCall_003292	0.15725	0.094166	0.00000	0.000000	876	0	880	94616
GCall_002628	0.15725	0.094444	0.00000	0.000000	876	0	882	95268
GCall_000366	0.15725	0.094383	0.00000	0.000000	876	0	878	94618
GCall_001193	0.15708	0.095036	0.00000	0.000000	875	0	886	96590
GCfix_002681	0.15690	0.094677	0.00000	0.000000	874	0	878	95244
GCfix_006392	0.15672	0.094389	0.00000	0.000000	873	0	878	95076
GCall_010329	0.15654	0.093972	0.00000	0.000000	872	0	874	94200
GCfix_005473	0.15636	0.094469	0.00000	0.000000	871	0	874	94886
GCall_000173	0.15600	0.093793	0.00000	0.000000	869	0	872	94210
GCfix_011878	0.15582	0.093937	0.00000	0.000000	868	0	876	94960
GCall_007615	0.15582	0.093973	0.00000	0.000000	868	0	870	94242
GCfix_011522	0.15492	0.093280	0.00000	0.000000	863	0	876	94794
GCfix_009851	0.15492	0.093124	0.00000	0.000000	863	0	864	93274
GCfix_004470	0.15438	0.093120	0.00000	0.000000	860	0	864	93598
GCall_007684	0.15420	0.092948	0.00000	0.000000	859	0	864	93644
GCfix_006512	0.15402	0.092462	0.00000	0.000000	858	0	860	92762
GCfix_003995	0.15366	0.092876	0.00000	0.000000	856	0	862	93684
GCfix_000352	0.15366	0.092493	0.00000	0.000000	856	0	858	92760
GCall_004773	0.15331	0.092074	0.00000	0.000000	854	0	862	93206
GCall_011080	0.15277	0.091705	0.00000	0.000000	851	0	856	92422
GCall_009878	0.15277	0.091938	0.00000	0.000000	851	0	860	93068
GCall_004867	0.15277	0.092042	0.00000	0.000000	851	0	854	92452
GCfix_008722	0.15259	0.091970	0.00000	0.000000	850	0	852	92238
GCfix_006517	0.15259	0.091838	0.00000	0.000000	850	0	852	92138
GCfix_006258	0.15223	0.091870	0.00000	0.000000	848	0	856	93006
GCfix_000614	0.15223	0.091698	0.00000	0.000000	848	0	852	92158
GCfix_000543	0.15223	0.091884	0.00000	0.000000	848	0	854	92616
GCfix_004928	0.15169	0.091386	0.00000	0.000000	845	0	852	92436
GCfix_007936	0.15151	0.091408	0.00000	0.000000	844	0	850	92158
GCfix_001892	0.15151	0.091404	0.00000	0.000000	844	0	846	91704
GCall_007835	0.15151	0.091515	0.00000	0.000000	844	0	848	92052
GCall_001080	0.15151	0.090955	0.00000	0.000000	844	0	848	91524
GCfix_009581	0.15133	0.091250	0.00000	0.000000	843	0	848	91904
GCall_006897	0.15133	0.091354	0.00000	0.000000	843	0	852	92572
GCall_006257	0.15133	0.091290	0.00000	0.000000	843	0	846	91710
GCall_005469	0.15133	0.090897	0.00000	0.000000	843	0	848	91522
GCfix_006793	0.15115	0.090765	0.00000	0.000000	842	0	846	91252
GCfix_004076	0.15097	0.090757	0.00000	0.000000	841	0	844	91134
GCfix_002543	0.15097	0.090728	0.00000	0.000000	841	0	842	90878
GCfix_000458	0.15097	0.091089	0.00000	0.000000	841	0	846	91712
GCall_009012	0.15097	0.090804	0.00000	0.000000	841	0	844	91138
GCfix_007505	0.15061	0.090636	0.00000	0.000000	839	0	844	91330
GCall_003345	0.15043	0.090821	0.00000	0.000000	838	0	840	91046
GCall_011201	0.15025	0.090824	0.00000	0.000000	837	0	846	91972
GCall_011186	0.15025	0.090760	0.00000	0.000000	837	0	842	91510
GCall_003473	0.15025	0.090462	0.00000	0.000000	837	0	840	90912
GCfix_010714	0.15007	0.090161	0.00000	0.000000	836	0	842	90988
GCfix_002162	0.14989	0.090162	0.00000	0.000000	835	0	840	90880
GCall_010649	0.14972	0.090733	0.00000	0.000000	834	0	846	92432
GCfix_002669	0.14954	0.090220	0.00000	0.000000	833	0	840	91180
GCall_008165	0.14954	0.090131	0.00000	0.000000	833	0	838	90810
GCall_003038	0.14954	0.089710	0.00000	0.000000	833	0	836	90078
GCfix_010586	0.14918	0.089554	0.00000	0.000000	831	0	834	89924
GCfix_009396	0.14918	0.089076	0.00000	0.000000	831	0	834	89354
GCfix_000833	0.14882	0.090033	0.00000	0.000000	829	0	832	90444
GCall_009439	0.14882	0.089312	0.00000	0.000000	829	0	830	89462
GCall_002279	0.14882	0.089545	0.00000	0.000000	829	0	832	89930
GCfix_004562	0.14864	0.089410	0.00000	0.000000	828	0	832	89940
GCall_003891	0.14846	0.089046	0.00000	0.000000	827	0	828	89156
GCfix_000672	0.14828	0.089634	0.00000	0.000000	826	0	832	90318
GCall_006000	0.14810	0.089134	0.00000	0.000000	825	0	828	89584
GCfix_008538	0.14792	0.089178	0.00000	0.000000	824	0	828	89706
GCfix_009875	0.14738	0.088438	0.00000	0.000000	821	0	824	88814
GCfix_011464	0.14720	0.089258	0.00000	0.000000	820	0	830	90622
GCall_003916	0.14720	0.088983	0.00000	0.000000	820	0	826	89858
GCfix_004825	0.14702	0.088344	0.00000	0.000000	819	0	824	89060
GCfix_007047	0.14684	0.088266	0.00000	0.000000	818	0	818	88266
GCall_001056	0.14666	0.088303	0.00000	0.000000	817	0	824	89160
GCfix_005678	0.14648	0.087970	0.00000	0.000000	816	0	820	88448
GCfix_006179	0.14630	0.088145	0.00000	0.000000	815	0	818	88500
GCfix_000710	0.14630	0.087971	0.00000	0.000000	815	0	818	88384
GCall_003922	0.14612	0.087896	0.00000	0.000000	814	0	822	88814
GCfix_006046	0.14577	0.087825	0.00000	0.000000	812	0	820	88826
GCall_004377	0.14577	0.087604	0.00000	0.000000	812	0	816	88122
GCfix_009938	0.14559	0.087552	0.00000	0.000000	811	0	816	88194
GCfix_007621	0.14559	0.087749	0.00000	0.000000	811	0	812	87868
GCfix_001486	0.14523	0.087613	0.00000	0.000000	809	0	818	88784
GCall_006488	0.14523	0.087150	0.00000	0.000000	809	0	812	87568
GCfix_001881	0.14505	0.087686	0.00000	0.000000	808	0	812	88286
GCfix_005163	0.14487	0.087334	0.00000	0.000000	807	0	816	88476
GCall_009723	0.14487	0.086965	0.00000	0.000000	807	0	814	87938
GCall_006957	0.14487	0.087432	0.00000	0.000000	807	0	814	88352
GCall_005924	0.14487	0.087294	0.00000	0.000000	807	0	814	88304
GCall_011282	0.14469	0.087258	0.00000	0.000000	806	0	812	87828
GCall_010899	0.14451	0.087221	0.00000	0.000000	805	0	810	87902
GCall_003696	0.14433	0.087226	0.00000	0.000000	804	0	808	87826
GCfix_009767	0.14415	0.086381	0.00000	0.000000	803	0	806	86798
GCfix_009378	0.14415	0.086603	0.00000	0.000000	803	0	806	86946
GCfix_000939	0.14361	0.086546	0.00000	0.000000	800	0	802	86764
GCfix_010331	0.14343	0.086118	0.00000	0.000000	799	0	804	86694
GCfix_007755	0.14343	0.086538	0.00000	0.000000	799	0	802	86948
GCfix_005198	0.14343	0.086694	0.00000	0.000000	799	0	800	86844
GCall_008358	0.14343	0.086084	0.00000	0.000000	799	0	800	86206
GCall_001525	0.14343	0.086255	0.00000	0.000000	799	0	802	86634
GCall_000459	0.14343	0.085564	0.00000	0.000000	799	0	802	85948
GCfix_007613	0.14325	0.085870	0.00000	0.000000	798	0	800	86138
GCfix_003979	0.14325	0.086320	0.00000	0.000000	798	0	802	86840
GCfix_008132	0.14307	0.085786	0.00000	0.000000	797	0	800	86162
GCfix_005179	0.14307	0.086162	0.00000	0.000000	797	0	800	86612
GCall_001878	0.14307	0.086106	0.00000	0.000000	797	0	800	86506
GCfix_007692	0.14289	0.086126	0.00000	0.000000	796	0	798	86394
GCfix_004267	0.14289	0.085787	0.00000	0.000000	796	0	802	86506
GCall_008285	0.14271	0.085784	0.00000	0.000000	795	0	800	86470
GCall_006762	0.14271	0.086048	0.00000	0.000000	795	0	800	86716
GCfix_009199	0.14253	0.086028	0.00000	0.000000	794	0	796	86328
GCfix_007957	0.14253	0.086029	0.00000	0.000000	794	0	800	86832
GCall_003805	0.14253	0.085947	0.00000	0.000000	794	0	798	86514
GCfix_007138	0.14236	0.085664	0.00000	0.000000	793	0	800	86534
GCall_011702	0.14236	0.086086	0.00000	0.000000	793	0	798	86836
GCfix_005127	0.14218	0.085720	0.00000	0.000000	792	0	796	86256
GCall_003968	0.14218	0.085409	0.00000	0.000000	792	0	798	86170
GCall_003620	0.14218	0.085584	0.00000	0.000000	792	0	798	86362
GCfix_011891	0.14200	0.085557	0.00000	0.000000	791	0	794	85908
GCfix_005481	0.14200	0.085640	0.00000	0.000000	791	0	796	86366
GCfix_001681	0.14200	0.085421	0.00000	0.000000	791	0	792	85540
GCfix_011247	0.14182	0.084918	0.00000	0.000000	790	0	794	85386
GCall_009233	0.14182	0.085864	0.00000	0.000000	790	0	794	86464
GCall_005804	0.14164	0.085408	0.00000	0.000000	789	0	794	86088
GCfix_010986	0.14128	0.085088	0.00000	0.000000	787	0	790	85508
GCfix_008067	0.14128	0.084773	0.00000	0.000000	787	0	790	85192
GCall_007045	0.14110	0.085062	0.00000	0.000000	786	0	792	85864
GCfix_010075	0.14074	0.084937	0.00000	0.000000	784	0	786	85166
GCfix_003384	0.14056	0.084696	0.00000	0.000000	783	0	786	85078
GCall_001203	0.14020	0.084924	0.00000	0.000000	781	0	784	85374
GCfix_004297	0.14002	0.084187	0.00000	0.000000	780	0	788	85202
GCfix_011351	0.13984	0.084278	0.00000	0.000000	779	0	784	84974
GCfix_007959	0.13984	0.084609	0.00000	0.000000	779	0	786	85498
GCfix_005155	0.13984	0.084123	0.00000	0.000000	779	0	782	84484
GCfix_008180	0.13966	0.084071	0.00000	0.000000	778	0	784	84800
GCall_004965	0.13966	0.084480	0.00000	0.000000	778	0	780	84780
GCfix_011225	0.13930	0.083796	0.00000	0.000000	776	0	778	84022
GCfix_007042	0.13912	0.083760	0.00000	0.000000	775	0	778	84178
GCall_007354	0.13859	0.083462	0.00000	0.000000	772	0	772	83462
GCfix_005815	0.13841	0.083554	0.00000	0.000000	771	0	772	83704
GCall_005771	0.13823	0.083102	0.00000	0.000000	770	0	774	83626
GCall_005676	0.13823	0.083358	0.00000	0.000000	770	0	778	84380
GCfix_009205	0.13787	0.083147	0.00000	0.000000	768	0	770	83414
GCfix_007382	0.13787	0.083296	0.00000	0.000000	768	0	772	83896
GCfix_003579	0.13787	0.083059	0.00000	0.000000	768	0	774	83866
GCall_006279	0.13787	0.082604	0.00000	0.000000	768	0	768	82604
GCfix_007548	0.13769	0.082611	0.00000	0.000000	767	0	770	82998
GCall_011934	0.13751	0.082900	0.00000	0.000000	766	0	770	83394
GCall_007808	0.13733	0.082412	0.00000	0.000000	765	0	766	82562
GCall_008368	0.13697	0.082563	0.00000	0.000000	763	0	772	83822
GCall_003903	0.13697	0.082281	0.00000	0.000000	763	0	764	82400
GCall_007316	0.13679	0.082330	0.00000	0.000000	762	0	766	82856
GCall_000608	0.13679	0.082808	0.00000	0.000000	762	0	768	83576
GCfix_003906	0.13643	0.082278	0.00000	0.000000	760	0	762	82578
GCfix_003377	0.13643	0.082008	0.00000	0.000000	760	0	762	82236
GCfix_001936	0.13643	0.081708	0.00000	0.000000	760	0	760	81708
GCall_009055	0.13625	0.081999	0.00000	0.000000	759	0	766	82862
GCall_000860	0.13625	0.082464	0.00000	0.000000	759	0	766	83422
GCfix_010762	0.13607	0.082241	0.00000	0.000000	758	0	760	82468
GCfix_001424	0.13589	0.082021	0.00000	0.000000	757	0	760	82440
GCfix_005371	0.13571	0.081616	0.00000	0.000000	756	0	758	81876
GCall_009948	0.13571	0.081506	0.00000	0.000000	756	0	756	81506
GCall_000414	0.13571	0.081615	0.00000	0.000000	756	0	758	81884
GCfix_001552	0.13553	0.081160	0.00000	0.000000	755	0	758	81576
GCfix_007429	0.13535	0.081803	0.00000	0.000000	754	0	758	82362
GCfix_004719	0.13535	0.081341	0.00000	0.000000	754	0	758	81906
GCall_006477	0.13517	0.081071	0.00000	0.000000	753	0	756	81486
GCfix_007744	0.13482	0.080956	0.00000	0.000000	751	0	754	81406
GCfix_003832	0.13446	0.080677	0.00000	0.000000	749	0	750	80802
GCfix_002105	0.13446	0.080800	0.00000	0.000000	749	0	754	81514
GCall_011315	0.13446	0.081217	0.00000	0.000000	749	0	752	81602
GCall_009388	0.13446	0.081050	0.00000	0.000000	749	0	752	81500
GCfix_006490	0.13428	0.080678	0.00000	0.000000	748	0	750	80916
GCall_004995	0.13428	0.081196	0.00000	0.000000	748	0	756	82212
GCfix_011057	0.13410	0.080826	0.00000	0.000000	747	0	750	81210
GCfix_011050	0.13392	0.080886	0.00000	0.000000	746	0	758	82434
GCfix_009494	0.13392	0.080220	0.00000	0.000000	746	0	750	80778
GCall_011899	0.13374	0.080278	0.00000	0.000000	745	0	748	80692
GCall_002517	0.13374	0.080274	0.00000	0.000000	745	0	748	80658
GCfix_007557	0.13338	0.080712	0.00000	0.000000	743	0	748	81398
GCall_007113	0.13338	0.079988	0.00000	0.000000	743	0	750	80888
GCall_005538	0.13338	0.080680	0.00000	0.000000	743	0	750	81654
GCfix_006020	0.13320	0.080134	0.00000	0.000000	742	0	746	80652
GCfix_001904	0.13320	0.080220	0.00000	0.000000	742	0	746	80738
GCall_010777	0.13320	0.080126	0.00000	0.000000	742	0	744	80426
GCall_011471	0.13302	0.080083	0.00000	0.000000	741	0	744	80496
GCall_010387	0.13302	0.079723	0.00000	0.000000	741	0	744	80078
GCall_010069	0.13302	0.080324	0.00000	0.000000	741	0	746	80984
GCall_009985	0.13302	0.080226	0.00000	0.000000	741	0	748	81128
GCall_004061	0.13302	0.080328	0.00000	0.000000	741	0	742	80478
GCall_001046	0.13302	0.079663	0.00000	0.000000	741	0	744	80082
GCfix_005031	0.13284	0.080287	0.00000	0.000000	740	0	742	80556
GCfix_004762	0.13266	0.080034	0.00000	0.000000	739	0	742	80442
GCfix_003501	0.13266	0.079781	0.00000	0.000000	739	0	742	80142
GCall_004981	0.13266	0.079847	0.00000	0.000000	739	0	744	80530
GCfix_003237	0.13248	0.080132	0.00000	0.000000	738	0	744	80990
GCfix_003192	0.13230	0.079694	0.00000	0.000000	737	0	740	80114
GCfix_001606	0.13212	0.079606	0.00000	0.000000	736	0	740	80164
GCall_007067	0.13212	0.079458	0.00000	0.000000	736	0	736	79458
GCfix_009792	0.13194	0.079226	0.00000	0.000000	735	0	738	79574
GCall_008965	0.13176	0.079184	0.00000	0.000000	734	0	738	79678
GCall_007462	0.13176	0.079210	0.00000	0.000000	734	0	736	79476
GCall_003354	0.13176	0.079484	0.00000	0.000000	734	0	736	79744
GCall_002405	0.13176	0.079377	0.00000	0.000000	734	0	738	79914
GCall_000466	0.13176	0.078955	0.00000	0.000000	734	0	739	79680
GCall_003902	0.13158	0.078705	0.00000	0.000000	733	0	736	79090
GCfix_009292	0.13140	0.078952	0.00000	0.000000	732	0	740	80152
GCfix_009390	0.13123	0.079249	0.00000	0.000000	731	0	734	79666
GCfix_008668	0.13105	0.078539	0.00000	0.000000	730	0	738	79534
GCall_010368	0.13105	0.078871	0.00000	0.000000	730	0	734	79440
GCall_006861	0.13105	0.078835	0.00000	0.000000	730	0	734	79302
GCall_003379	0.13105	0.079056	0.00000	0.000000	730	0	734	79624
GCfix_011533	0.13087	0.078432	0.00000	0.000000	729	0	732	78882
GCall_009088	0.13087	0.078636	0.00000	0.000000	729	0	730	78786
GCall_008644	0.13087	0.078880	0.00000	0.000000	729	0	730	78996
GCall_006718	0.13087	0.078116	0.00000	0.000000	729	0	734	78836
GCall_004576	0.13087	0.078701	0.00000	0.000000	729	0	732	79126
GCall_011889	0.13069	0.078829	0.00000	0.000000	728	0	732	79364
GCfix_007757	0.13051	0.078828	0.00000	0.000000	727	0	734	79742
GCfix_006967	0.13051	0.078754	0.00000	0.000000	727	0	728	78904
GCfix_002668	0.13051	0.078529	0.00000	0.000000	727	0	730	78882
GCall_004085	0.13015	0.078083	0.00000	0.000000	725	0	726	78196
GCall_005126	0.12997	0.078391	0.00000	0.000000	724	0	730	79190
GCall_000610	0.12997	0.078100	0.00000	0.000000	724	0	728	78604
GCall_011180	0.12961	0.077675	0.00000	0.000000	722	0	724	77902
GCfix_002954	0.12943	0.077975	0.00000	0.000000	721	0	722	78094
GCfix_001423	0.12943	0.078150	0.00000	0.000000	721	0	724	78568
GCfix_001049	0.12943	0.077640	0.00000	0.000000	721	0	726	78348
GCall_009760	0.12943	0.077962	0.00000	0.000000	721	0	724	78340
GCall_011151	0.12925	0.078124	0.00000	0.000000	720	0	724	78692
GCall_010081	0.12907	0.077616	0.00000	0.000000	719	0	720	77734
GCfix_006254	0.12853	0.077347	0.00000	0.000000	716	0	718	77574
GCfix_009153	0.12835	0.076991	0.00000	0.000000	715	0	718	77368
GCfix_005219	0.12835	0.077409	0.00000	0.000000	715	0	717	77648
GCall_011744	0.12835	0.077086	0.00000	0.000000	715	0	720	77768
GCall_011298	0.12835	0.077325	0.00000	0.000000	715	0	718	77740
GCfix_008718	0.12817	0.077337	0.00000	0.000000	714	0	718	77842
GCall_004494	0.12799	0.077319	0.00000	0.000000	713	0	716	77712
GCfix_006194	0.12781	0.076933	0.00000	0.000000	712	0	716	77502
GCall_000011	0.12781	0.076864	0.00000	0.000000	712	0	718	77708
GCfix_009804	0.12763	0.077032	0.00000	0.000000	711	0	714	77482
GCall_003089	0.12763	0.076942	0.00000	0.000000	711	0	712	77092
GCall_003773	0.12746	0.076988	0.00000	0.000000	710	0	714	77554
GCfix_001010	0.12728	0.076654	0.00000	0.000000	709	0	714	77264
GCfix_006035	0.12710	0.076824	0.00000	0.000000	708	0	710	77124
GCfix_007942	0.12692	0.076463	0.00000	0.000000	707	0	712	77118
GCfix_001298	0.12692	0.076655	0.00000	0.000000	707	0	710	77042
GCfix_010820	0.12674	0.076469	0.00000	0.000000	706	0	710	76954
GCall_004776	0.12674	0.076212	0.00000	0.000000	706	0	710	76742
GCfix_007034	0.12656	0.075932	0.00000	0.000000	705	0	710	76640
GCall_009068	0.12656	0.076522	0.00000	0.000000	705	0	712	77540
GCfix_009980	0.12638	0.076245	0.00000	0.000000	704	0	710	77072
GCall_007709	0.12638	0.075847	0.00000	0.000000	704	0	708	76344
GCfix_003351	0.12602	0.075770	0.00000	0.000000	702	0	704	76070
GCall_009244	0.12602	0.075648	0.00000	0.000000	702	0	708	76516
GCall_010012	0.12548	0.075710	0.00000	0.000000	699	0	706	76760
GCfix_005653	0.12530	0.075434	0.00000	0.000000	698	0	700	75600
GCall_010923	0.12530	0.075590	0.00000	0.000000	698	0	700	75850
GCfix_008163	0.12512	0.075333	0.00000	0.000000	697	0	698	75452
GCall_011701	0.12512	0.075267	0.00000	0.000000	697	0	702	75886
GCall_011452	0.12512	0.075721	0.00000	0.000000	697	0	704	76700
GCall_010217	0.12512	0.075384	0.00000	0.000000	697	0	702	76092
GCall_001493	0.12512	0.075092	0.00000	0.000000	697	0	698	75242
GCfix_006775	0.12494	0.075310	0.00000	0.000000	696	0	698	75610
GCall_010158	0.12476	0.075196	0.00000	0.000000	695	0	698	75604
GCall_003813	0.12458	0.075032	0.00000	0.000000	694	0	694	75032
GCfix_007239	0.12440	0.074986	0.00000	0.000000	693	0	696	75372
GCfix_004038	0.12422	0.074718	0.00000	0.000000	692	0	696	75258
GCall_006565	0.12404	0.074912	0.00000	0.000000	691	0	698	75778
GCall_000021	0.12404	0.074840	0.00000	0.000000	691	0	696	75590
GCall_005327	0.12387	0.074352	0.00000	0.000000	690	0	690	74352
GCfix_007482	0.12369	0.074437	0.00000	0.000000	689	0	692	74822
GCall_007497	0.12369	0.074194	0.00000	0.000000	689	0	696	75048
GCall_002013	0.12333	0.073759	0.00000	0.000000	687	0	694	74630
GCfix_001195	0.12279	0.073754	0.00000	0.000000	684	0	686	74054
GCfix_006748	0.12261	0.073456	0.00000	0.000000	683	0	684	73606
GCfix_004364	0.12261	0.073465	0.00000	0.000000	683	0	686	73884
GCall_008719	0.12225	0.073642	0.00000	0.000000	681	0	686	74316
GCall_003551	0.12225	0.073676	0.00000	0.000000	681	0	684	74126
GCfix_009466	0.12207	0.073111	0.00000	0.000000	680	0	684	73680
GCfix_006246	0.12207	0.073612	0.00000	0.000000	680	0	684	74212
GCall_004726	0.12207	0.073244	0.00000	0.000000	680	0	682	73504
GCall_008650	0.12189	0.073352	0.00000	0.000000	679	0	682	73746
GCall_003487	0.12189	0.073418	0.00000	0.000000	679	0	682	73772
GCall_004468	0.12171	0.073168	0.00000	0.000000	678	0	680	73468
GCfix_005996	0.12135	0.073249	0.00000	0.000000	676	0	680	73784
GCall_009627	0.12135	0.073020	0.00000	0.000000	676	0	680	73540
GCfix_004079	0.12117	0.072872	0.00000	0.000000	675	0	676	73022
GCfix_010314	0.12045	0.072622	0.00000	0.000000	671	0	676	73290
GCall_003424	0.11992	0.072072	0.00000	0.000000	668	0	672	72642
GCfix_003433	0.11974	0.072097	0.00000	0.000000	667	0	670	72514
GCall_008633	0.11974	0.071800	0.00000	0.000000	667	0	670	72194
GCfix_009277	0.11956	0.071652	0.00000	0.000000	666	0	668	71952
GCfix_003530	0.11956	0.071867	0.00000	0.000000	666	0	670	72436
GCfix_001630	0.11938	0.071696	0.00000	0.000000	665	0	668	72146
GCfix_006841	0.11920	0.071560	0.00000	0.000000	664	0	668	72078
GCall_004208	0.11920	0.071984	0.00000	0.000000	664	0	668	72584
GCall_004125	0.11920	0.071838	0.00000	0.000000	664	0	670	72566
GCfix_003910	0.11902	0.071944	0.00000	0.000000	663	0	666	72360
GCfix_002122	0.11902	0.071962	0.00000	0.000000	663	0	668	72712
GCfix_001746	0.11902	0.071708	0.00000	0.000000	663	0	666	72116
GCall_010215	0.11902	0.071644	0.00000	0.000000	663	0	664	71794
GCfix_006749	0.11884	0.071386	0.00000	0.000000	662	0	664	71644
GCall_004840	0.11830	0.071353	0.00000	0.000000	659	0	662	71734
GCall_001433	0.11794	0.071262	0.00000	0.000000	657	0	660	71684
GCfix_010025	0.11776	0.070468	0.00000	0.000000	656	0	658	70768
GCfix_004351	0.11740	0.070690	0.00000	0.000000	654	0	660	71508
GCfix_002595	0.11740	0.070655	0.00000	0.000000	654	0	658	71230
GCfix_002051	0.11740	0.070505	0.00000	0.000000	654	0	658	71004
GCfix_009682	0.11722	0.070695	0.00000	0.000000	653	0	656	71106
GCfix_010500	0.11704	0.070213	0.00000	0.000000	652	0	658	70934
GCall_002094	0.11704	0.069806	0.00000	0.000000	652	0	656	70376
GCfix_005829	0.11686	0.070179	0.00000	0.000000	651	0	657	71054
GCall_004876	0.11668	0.070176	0.00000	0.000000	650	0	654	70702
GCfix_008258	0.11650	0.070138	0.00000	0.000000	649	0	652	70546
GCfix_006872	0.11650	0.070154	0.00000	0.000000	649	0	650	70304
GCfix_003459	0.11650	0.070412	0.00000	0.000000	649	0	652	70862
GCfix_001675	0.11579	0.069406	0.00000	0.000000	645	0	646	69556
GCall_011248	0.11579	0.069555	0.00000	0.000000	645	0	650	70186
GCall_001978	0.11579	0.069425	0.00000	0.000000	645	0	648	69802
GCfix_003779	0.11525	0.069348	0.00000	0.000000	642	0	644	69648
GCall_006055	0.11525	0.069440	0.00000	0.000000	642	0	648	70244
GCall_002038	0.11525	0.069634	0.00000	0.000000	642	0	644	69894
GCfix_008712	0.11507	0.069240	0.00000	0.000000	641	0	644	69618
GCfix_002838	0.11489	0.069076	0.00000	0.000000	640	0	642	69376
GCfix_002479	0.11453	0.069082	0.00000	0.000000	638	0	640	69382
GCfix_001825	0.11453	0.068904	0.00000	0.000000	638	0	640	69172
GCall_003265	0.11435	0.068810	0.00000	0.000000	637	0	640	69218
GCall_004037	0.11417	0.068367	0.00000	0.000000	636	0	638	68594
GCall_002196	0.11417	0.068410	0.00000	0.000000	636	0	636	68410
GCall_003795	0.11399	0.068812	0.00000	0.000000	635	0	636	68962
GCfix_007726	0.11381	0.068728	0.00000	0.000000	634	0	638	69264
GCall_009888	0.11381	0.068598	0.00000	0.000000	634	0	640	69394
GCall_005303	0.11363	0.068395	0.00000	0.000000	633	0	636	68804
GCall_002470	0.11363	0.068010	0.00000	0.000000	633	0	634	68118
GCall_007574	0.11345	0.068923	0.00000	0.000000	632	0	634	69192
GCall_000634	0.11345	0.068076	0.00000	0.000000	632	0	632	68076
GCfix_011770	0.11327	0.067831	0.00000	0.000000	631	0	634	68250
GCfix_009534	0.11309	0.068518	0.00000	0.000000	630	0	636	69346
GCfix_002715	0.11291	0.067698	0.00000	0.000000	629	0	630	67848
GCall_008298	0.11291	0.068048	0.00000	0.000000	629	0	634	68764
GCfix_008095	0.11274	0.067920	0.00000	0.000000	628	0	630	68220
GCall_008522	0.11220	0.067626	0.00000	0.000000	625	0	626	67776
GCfix_003573	0.11202	0.067353	0.00000	0.000000	624	0	626	67620
GCfix_001380	0.11166	0.067238	0.00000	0.000000	622	0	622	67238
GCfix_009840	0.11148	0.067208	0.00000	0.000000	621	0	622	67358
GCfix_009230	0.11148	0.067142	0.00000	0.000000	621	0	626	67892
GCall_009688	0.11076	0.066764	0.00000	0.000000	617	0	620	67148
GCall_002343	0.11076	0.066640	0.00000	0.000000	617	0	618	66790
GCfix_004814	0.11040	0.066331	0.00000	0.000000	615	0	618	66684
GCall_002499	0.11040	0.066736	0.00000	0.000000	615	0	622	67786
GCall_001865	0.11040	0.066536	0.00000	0.000000	615	0	616	66654
GCfix_009774	0.11022	0.066248	0.00000	0.000000	614	0	616	66482
GCall_006349	0.11022	0.066523	0.00000	0.000000	614	0	616	66790
GCfix_007545	0.10950	0.066118	0.00000	0.000000	610	0	610	66118
GCall_005051	0.10950	0.065792	0.00000	0.000000	610	0	612	66068
GCfix_011817	0.10897	0.065686	0.00000	0.000000	607	0	610	66104
GCfix_006033	0.10879	0.065600	0.00000	0.000000	606	0	608	65900
GCall_004014	0.10843	0.065037	0.00000	0.000000	604	0	606	65304
GCfix_000633	0.10825	0.065272	0.00000	0.000000	603	0	608	65958
GCall_007257	0.10789	0.065053	0.00000	0.000000	601	0	606	65686
GCfix_007895	0.10753	0.064804	0.00000	0.000000	599	0	600	64924
GCall_001164	0.10753	0.064443	0.00000	0.000000	599	0	600	64556
GCall_003213	0.10735	0.064354	0.00000	0.000000	598	0	600	64654
GCfix_008380	0.10699	0.064535	0.00000	0.000000	596	0	598	64804
GCall_008607	0.10681	0.064400	0.00000	0.000000	595	0	600	65092
GCall_011851	0.10663	0.064462	0.00000	0.000000	594	0	598	65000
GCfix_009017	0.10645	0.063996	0.00000	0.000000	593	0	598	64638
GCfix_004354	0.10645	0.064030	0.00000	0.000000	593	0	596	64446
GCfix_008799	0.10627	0.063840	0.00000	0.000000	592	0	592	63840
GCall_008840	0.10627	0.064059	0.00000	0.000000	592	0	594	64326
GCall_008351	0.10627	0.064046	0.00000	0.000000	592	0	594	64346
GCall_004213	0.10627	0.063565	0.00000	0.000000	592	0	594	63798
GCall_010527	0.10609	0.064058	0.00000	0.000000	591	0	596	64766
GCfix_006001	0.10591	0.063762	0.00000	0.000000	590	0	590	63762
GCall_003628	0.10591	0.063756	0.00000	0.000000	590	0	592	64014
GCfix_007512	0.10573	0.063338	0.00000	0.000000	589	0	590	63448
GCall_009600	0.10573	0.063826	0.00000	0.000000	589	0	594	64488
GCall_009033	0.10520	0.063599	0.00000	0.000000	586	0	592	64422
GCfix_001921	0.10502	0.063432	0.00000	0.000000	585	0	586	63582
GCall_010756	0.10448	0.063141	0.00000	0.000000	582	0	584	63408
GCall_001613	0.10376	0.062618	0.00000	0.000000	578	0	580	62918
GCfix_003389	0.10358	0.062192	0.00000	0.000000	577	0	578	62342
GCfix_001594	0.10358	0.062263	0.00000	0.000000	577	0	580	62688
GCall_006949	0.10340	0.062212	0.00000	0.000000	576	0	578	62478
GCfix_008205	0.10322	0.061894	0.00000	0.000000	575	0	578	62230
GCfix_007615	0.10322	0.062094	0.00000	0.000000	575	0	582	63006
GCfix_008379	0.10304	0.061957	0.00000	0.000000	574	0	576	62122
GCfix_007286	0.10304	0.062031	0.00000	0.000000	574	0	576	62298
GCall_010694	0.10304	0.062090	0.00000	0.000000	574	0	578	62622
GCall_000303	0.10286	0.061797	0.00000	0.000000	573	0	576	62182
GCall_002135	0.10250	0.061691	0.00000	0.000000	571	0	572	61812
GCfix_009000	0.10232	0.061649	0.00000	0.000000	570	0	572	61892
GCfix_004724	0.10232	0.061155	0.00000	0.000000	570	0	572	61414
GCall_009905	0.10232	0.061542	0.00000	0.000000	570	0	572	61842
GCall_010153	0.10214	0.061375	0.00000	0.000000	569	0	572	61794
GCall_001390	0.10214	0.061572	0.00000	0.000000	569	0	570	61722
GCfix_007930	0.10196	0.061166	0.00000	0.000000	568	0	570	61424
GCfix_000485	0.10196	0.061331	0.00000	0.000000	568	0	572	61800
GCfix_001349	0.10143	0.060741	0.00000	0.000000	565	0	568	61124
GCall_000675	0.10143	0.061285	0.00000	0.000000	565	0	568	61702
GCall_007752	0.10107	0.060554	0.00000	0.000000	563	0	566	60936
GCall_011148	0.10089	0.060826	0.00000	0.000000	562	0	562	60826
GCfix_008946	0.10035	0.060416	0.00000	0.000000	559	0	566	61466
GCfix_002612	0.10017	0.059982	0.00000	0.000000	558	0	558	59982
GCfix_001855	0.10017	0.060032	0.00000	0.000000	558	0	560	60298
GCfix_010239	0.09981	0.060512	0.00000	0.000000	556	0	560	60998
GCfix_000122	0.09981	0.060105	0.00000	0.000000	556	0	558	60330
GCfix_002881	0.09963	0.059878	0.00000	0.000000	555	0	556	60028
GCfix_006854	0.09945	0.059573	0.00000	0.000000	554	0	558	60098
GCfix_010822	0.09927	0.059598	0.00000	0.000000	553	0	554	59714
GCall_007967	0.09855	0.059388	0.00000	0.000000	549	0	554	60022
GCfix_009764	0.09766	0.058910	0.00000	0.000000	544	0	548	59468
GCall_011936	0.09712	0.058495	0.00000	0.000000	541	0	546	59210
GCfix_001301	0.09694	0.058416	0.00000	0.000000	540	0	540	58416
GCall_010100	0.09694	0.058371	0.00000	0.000000	540	0	542	58600
GCfix_009109	0.09550	0.057764	0.00000	0.000000	532	0	538	58630
GCall_007076	0.09514	0.057190	0.00000	0.000000	530	0	536	57966
GCall_001903	0.09514	0.057235	0.00000	0.000000	530	0	532	57510
GCfix_006164	0.09425	0.056610	0.00000	0.000000	525	0	526	56760
GCall_009976	0.09425	0.057068	0.00000	0.000000	525	0	530	57818
GCall_003527	0.09407	0.056544	0.00000	0.000000	524	0	526	56804
GCall_009169	0.09389	0.056506	0.00000	0.000000	523	0	524	56656
GCall_000900	0.09389	0.056392	0.00000	0.000000	523	0	524	56542
GCall_008397	0.09317	0.056125	0.00000	0.000000	519	0	522	56518
GCfix_002975	0.09299	0.056028	0.00000	0.000000	518	0	522	56596
GCfix_000310	0.09281	0.055880	0.00000	0.000000	517	0	520	56296
GCall_009881	0.09281	0.055937	0.00000	0.000000	517	0	518	56046
GCfix_000328	0.09173	0.053534	0.00000	0.000000	511	0	514	53950
GCfix_000494	0.09155	0.055240	0.00000	0.000000	510	0	514	55698
GCall_005171	0.09155	0.055156	0.00000	0.000000	510	0	512	55456
GCfix_010919	0.09137	0.054950	0.00000	0.000000	509	0	512	55296
GCfix_011289	0.09065	0.054443	0.00000	0.000000	505	0	506	54562
GCfix_007435	0.09065	0.054428	0.00000	0.000000	505	0	506	54578
GCall_007142	0.09012	0.054210	0.00000	0.000000	502	0	504	54510
GCall_001445	0.08976	0.053903	0.00000	0.000000	500	0	504	54468
GCall_005173	0.08850	0.053322	0.00000	0.000000	493	0	494	53472
GCall_008239	0.08778	0.052729	0.00000	0.000000	489	0	494	53412
GCfix_009836	0.08760	0.052342	0.00000	0.000000	488	0	490	52606
GCall_007245	0.08724	0.052718	0.00000	0.000000	486	0	490	53246
GCall_006580	0.08671	0.052030	0.00000	0.000000	483	0	484	52148
GCall_010616	0.08599	0.051902	0.00000	0.000000	479	0	482	52352
GCall_008869	0.08581	0.051540	0.00000	0.000000	478	0	480	51840
GCall_010980	0.08383	0.050071	0.00000	0.000000	467	0	470	50448
GCall_009612	0.08383	0.050626	0.00000	0.000000	467	0	468	50736
GCall_008705	0.08294	0.049901	0.00000	0.000000	462	0	466	50406
GCall_001646	0.08186	0.049472	0.00000	0.000000	456	0	456	49472
GCall_000024	0.08168	0.049254	0.00000	0.000000	455	0	456	49404
GCfix_002692	0.08114	0.048895	0.00000	0.000000	452	0	454	49162
GCall_011139	0.07827	0.047168	0.00000	0.000000	436	0	438	47434
GCfix_006950	0.07791	0.046896	0.00000	0.000000	434	0	436	47164
GCfix_009530	0.07701	0.045984	0.00000	0.000000	429	0	430	46104
GCfix_008415	0.07701	0.046437	0.00000	0.000000	429	0	432	46850
GCall_002015	0.07683	0.046480	0.00000	0.000000	428	0	430	46748
GCall_001761	0.07468	0.044870	0.00000	0.000000	416	0	416	44870
GCall_005302	0.07342	0.043986	0.00000	0.000000	409	0	410	44136
GCall_008616	0.07199	0.043356	0.00000	0.000000	401	0	402	43464
GCall_000918	0.07145	0.043181	0.00000	0.000000	398	0	400	43446
GCall_010726	0.07127	0.042905	0.00000	0.000000	397	0	400	43292
GCfix_000986	0.06588	0.039296	0.00000	0.000000	367	0	368	39446
GCall_001837	0.06516	0.039146	0.00000	0.000000	363	0	364	39256
GCfix_001888	0.06409	0.038587	0.00000	0.000000	357	0	358	38704
GCfix_004684	0.06193	0.037492	0.00000	0.000000	345	0	348	37876
GCfix_006125	0.05924	0.035618	0.00000	0.000000	330	0	332	35848
GCall_007775	0.05709	0.034202	0.00000	0.000000	318	0	322	34802
GCfix_008283	0.05475	0.033472	0.00000	0.000000	305	0	308	33922
GCall_009466	0.05439	0.032893	0.00000	0.000000	303	0	308	33502
GCall_011761	0.05385	0.032689	0.00000	0.000000	300	0	302	32956
GCall_004607	0.05350	0.032174	0.00000	0.000000	298	0	298	32174
GCall_011555	0.05278	0.031608	0.00000	0.000000	294	0	294	31608
GCfix_006488	0.05224	0.032444	0.00000	0.000000	291	0	298	33460
GCfix_003174	0.05224	0.031417	0.00000	0.000000	291	0	294	31794
GCall_005098	0.05170	0.030706	0.00000	0.000000	288	0	290	31006
GCall_005495	0.05098	0.030605	0.00000	0.000000	284	0	286	30872
GCall_008713	0.04991	0.030408	0.00000	0.000000	278	0	282	31008
GCfix_001579	0.04847	0.032941	0.00000	0.000000	270	0	338	43032
GCall_001437	0.04506	0.027248	0.00000	0.000000	251	0	254	27626
GCfix_005295	0.04416	0.026635	0.00000	0.000000	246	0	248	26900
GCfix_007293	0.04362	0.026272	0.00000	0.000000	243	0	244	26390
GCfix_009409	0.04308	0.025906	0.00000	0.000000	240	0	244	26440
GCall_005365	0.04290	0.025784	0.00000	0.000000	239	0	240	25902
GCall_011209	0.04254	0.025741	0.00000	0.000000	237	0	238	25860
GCfix_000765	0.04147	0.024894	0.00000	0.000000	231	0	232	25002
GCfix_007100	0.04111	0.024775	0.00000	0.000000	229	0	232	25184
GCfix_007861	0.04057	0.024456	0.00000	0.000000	226	0	228	24756
GCall_005506	0.04003	0.024113	0.00000	0.000000	223	0	226	24498
GCall_002611	0.03985	0.024208	0.00000	0.000000	222	0	222	24208
GCfix_000069	0.03967	0.023954	0.00000	0.000000	221	0	222	24104
GCall_002336	0.03949	0.023724	0.00000	0.000000	220	0	220	23724
GCall_007852	0.03913	0.023518	0.00000	0.000000	218	0	218	23518
GCfix_008161	0.03878	0.023290	0.00000	0.000000	216	0	216	23290
GCfix_008175	0.03734	0.022456	0.00000	0.000000	208	0	208	22456
GCfix_008792	0.03644	0.021763	0.00000	0.000000	203	0	204	21872
GCall_011691	0.03518	0.021109	0.00000	0.000000	196	0	198	21278
GCall_005623	0.03501	0.021192	0.00000	0.000000	195	0	198	21642
GCall_004556	0.03501	0.021068	0.00000	0.000000	195	0	196	21218
GCall_000907	0.03483	0.020686	0.00000	0.000000	194	0	194	20686
GCfix_006932	0.03447	0.020758	0.00000	0.000000	192	0	194	21058
GCfix_007858	0.03411	0.020613	0.00000	0.000000	190	0	192	20882
GCall_004934	0.03411	0.020410	0.00000	0.000000	190	0	190	20410
GCfix_005618	0.03339	0.020046	0.00000	0.000000	186	0	186	20046
GCall_000946	0.03303	0.019786	0.00000	0.000000	184	0	186	20046
GCfix_006716	0.03267	0.019392	0.00000	0.000000	182	0	182	19392
GCfix_008239	0.03231	0.019336	0.00000	0.000000	180	0	180	19336
GCfix_002651	0.03231	0.019216	0.00000	0.000000	180	0	180	19216
GCall_002514	0.03159	0.018959	0.00000	0.000000	176	0	178	19226
GCall_002020	0.03142	0.018854	0.00000	0.000000	175	0	176	18964
GCfix_008612	0.03106	0.018817	0.00000	0.000000	173	0	174	18936
GCall_007634	0.03088	0.018568	0.00000	0.000000	172	0	174	18792
GCall_003168	0.03088	0.018418	0.00000	0.000000	172	0	172	18418
GCall_008141	0.03070	0.018535	0.00000	0.000000	171	0	174	18924
GCall_002381	0.03052	0.018338	0.00000	0.000000	170	0	170	18338
GCfix_008688	0.02980	0.016468	0.00000	0.000000	166	0	166	16468
GCall_000166	0.02980	0.017990	0.00000	0.000000	166	0	168	18290
GCall_008864	0.02962	0.017936	0.00000	0.000000	165	0	166	18086
GCfix_000982	0.02926	0.017458	0.00000	0.000000	163	0	164	17608
GCall_003530	0.02908	0.017642	0.00000	0.000000	162	0	168	18476
GCall_003537	0.02836	0.017012	0.00000	0.000000	158	0	160	17312
GCfix_011381	0.02818	0.017051	0.00000	0.000000	157	0	158	17174
GCfix_007432	0.02818	0.016972	0.00000	0.000000	157	0	158	17122
GCfix_009808	0.02800	0.016824	0.00000	0.000000	156	0	156	16824
GCall_003109	0.02800	0.016840	0.00000	0.000000	156	0	156	16840
GCfix_005658	0.02782	0.016837	0.00000	0.000000	155	0	158	17212
GCall_009907	0.02765	0.016782	0.00000	0.000000	154	0	154	16782
GCall_008851	0.02765	0.016586	0.00000	0.000000	154	0	154	16586
GCall_010909	0.02747	0.016620	0.00000	0.000000	153	0	154	16770
GCall_006946	0.02693	0.016352	0.00000	0.000000	150	0	150	16352
GCfix_010122	0.02657	0.016018	0.00000	0.000000	148	0	148	16018
GCall_006696	0.02639	0.015769	0.00000	0.000000	147	0	148	15816
GCall_003266	0.02639	0.015865	0.00000	0.000000	147	0	150	16248
GCfix_001331	0.02621	0.015754	0.00000	0.000000	146	0	146	15754
GCall_008253	0.02603	0.015746	0.00000	0.000000	145	0	146	15896
GCall_000894	0.02585	0.015706	0.00000	0.000000	144	0	144	15706
GCfix_009551	0.02549	0.015330	0.00000	0.000000	142	0	142	15330
GCfix_011680	0.02513	0.014878	0.00000	0.000000	140	0	140	14878
GCfix_007366	0.02513	0.015332	0.00000	0.000000	140	0	142	15592
GCall_004855	0.02513	0.014998	0.00000	0.000000	140	0	140	14998
GCfix_005470	0.02495	0.015079	0.00000	0.000000	139	0	140	15198
GCfix_003447	0.02495	0.015001	0.00000	0.000000	139	0	140	15118
GCall_000834	0.02477	0.014656	0.00000	0.000000	138	0	138	14656
GCfix_003977	0.02441	0.014676	0.00000	0.000000	136	0	136	14676
GCall_009697	0.02405	0.014448	0.00000	0.000000	134	0	134	14448
GCfix_004977	0.02334	0.014026	0.00000	0.000000	130	0	130	14026
GCall_008580	0.02334	0.013930	0.00000	0.000000	130	0	130	13930
GCfix_010907	0.02280	0.013822	0.00000	0.000000	127	0	128	13972
GCfix_009246	0.02226	0.013494	0.00000	0.000000	124	0	124	13494
GCall_006778	0.02226	0.013366	0.00000	0.000000	124	0	124	13366
GCfix_008339	0.02208	0.013323	0.00000	0.000000	123	0	124	13440
GCfix_006691	0.02190	0.013176	0.00000	0.000000	122	0	122	13176
GCall_006623	0.02190	0.013226	0.00000	0.000000	122	0	122	13226
GCall_005091	0.02190	0.013028	0.00000	0.000000	122	0	122	13028
GCall_010523	0.02154	0.012900	0.00000	0.000000	120	0	120	12900
GCall_003881	0.02154	0.012946	0.00000	0.000000	120	0	120	12946
GCall_002734	0.02154	0.012944	0.00000	0.000000	120	0	120	12944
GCfix_002865	0.02118	0.012746	0.00000	0.000000	118	0	118	12746
GCall_000752	0.02118	0.012710	0.00000	0.000000	118	0	118	12710
GCfix_000662	0.02082	0.012504	0.00000	0.000000	116	0	116	12504
GCall_003974	0.02082	0.012516	0.00000	0.000000	116	0	116	12516
GCall_002169	0.02082	0.012502	0.00000	0.000000	116	0	116	12502
GCfix_003478	0.02064	0.012504	0.00000	0.000000	115	0	116	12654
GCfix_002314	0.02046	0.012210	0.00000	0.000000	114	0	114	12210
GCall_000703	0.02011	0.012162	0.00000	0.000000	112	0	112	12162
GCfix_009368	0.01939	0.011560	0.00000	0.000000	108	0	108	11560
GCall_001972	0.01939	0.011648	0.00000	0.000000	108	0	108	11648
GCall_007900	0.01921	0.011553	0.00000	0.000000	107	0	108	11678
GCfix_009200	0.01903	0.011340	0.00000	0.000000	106	0	106	11340
GCall_006561	0.01867	0.011230	0.00000	0.000000	104	0	104	11230
GCall_006666	0.01831	0.011002	0.00000	0.000000	102	0	104	11302
GCfix_007180	0.01741	0.010498	0.00000	0.000000	97	0	98	10648
GCfix_002416	0.01741	0.010462	0.00000	0.000000	97	0	98	10612
GCfix_010039	0.01723	0.010360	0.00000	0.000000	96	0	96	10360
GCfix_007821	0.01723	0.010442	0.00000	0.000000	96	0	96	10442
GCfix_001025	0.01669	0.009866	0.00000	0.000000	93	0	94	10016
GCfix_005217	0.01652	0.009928	0.00000	0.000000	92	0	92	9928
GCall_001408	0.01652	0.009880	0.00000	0.000000	92	0	92	9880
GCfix_008544	0.01616	0.009636	0.00000	0.000000	90	0	90	9636
GCfix_007818	0.01580	0.009440	0.00000	0.000000	88	0	88	9440
GCall_008146	0.01580	0.009500	0.00000	0.000000	88	0	88	9500
GCall_010929	0.01562	0.009182	0.00000	0.000000	87	0	88	9332
GCfix_001466	0.01544	0.009368	0.00000	0.000000	86	0	86	9368
GCfix_010076	0.01526	0.009232	0.00000	0.000000	85	0	86	9382
GCall_004341	0.01508	0.008974	0.00000	0.000000	84	0	84	8974
GCfix_007241	0.01490	0.008835	0.00000	0.000000	83	0	84	8864
GCall_000727	0.01472	0.008749	0.00000	0.000000	82	0	84	8974
GCfix_004325	0.01436	0.008632	0.00000	0.000000	80	0	80	8632
GCall_006409	0.01436	0.008598	0.00000	0.000000	80	0	80	8598
GCfix_002516	0.01418	0.008568	0.00000	0.000000	79	0	80	8718
GCall_007674	0.01418	0.008644	0.00000	0.000000	79	0	80	8754
GCfix_001523	0.01400	0.008218	0.00000	0.000000	78	0	78	8218
GCall_007645	0.01400	0.008416	0.00000	0.000000	78	0	78	8416
GCfix_010995	0.01364	0.008278	0.00000	0.000000	76	0	76	8278
GCall_002957	0.01364	0.008142	0.00000	0.000000	76	0	76	8142
GCfix_011795	0.01328	0.007972	0.00000	0.000000	74	0	74	7972
GCall_011111	0.01328	0.008026	0.00000	0.000000	74	0	74	8026
GCall_005896	0.01328	0.007970	0.00000	0.000000	74	0	74	7970
GCall_000293	0.01310	0.007924	0.00000	0.000000	73	0	74	8074
GCall_007218	0.01293	0.007794	0.00000	0.000000	72	0	72	7794
GCall_005716	0.01293	0.007730	0.00000	0.000000	72	0	72	7730
GCall_005948	0.01257	0.007538	0.00000	0.000000	70	0	70	7538
GCfix_010027	0.01239	0.007410	0.00000	0.000000	69	0	70	7516
GCall_004890	0.01239	0.007516	0.00000	0.000000	69	0	70	7666
GCall_010052	0.01221	0.007336	0.00000	0.000000	68	0	68	7336
GCall_002225	0.01185	0.007036	0.00000	0.000000	66	0	66	7036
GCall_003077	0.01167	0.007020	0.00000	0.000000	65	0	66	7138
GCall_000870	0.01167	0.007041	0.00000	0.000000	65	0	66	7160
GCfix_007078	0.01149	0.006862	0.00000	0.000000	64	0	64	6862
GCall_006291	0.01113	0.006684	0.00000	0.000000	62	0	62	6684
GCfix_009922	0.01077	0.006486	0.00000	0.000000	60	0	60	6486
GCfix_005488	0.01077	0.006488	0.00000	0.000000	60	0	60	6488
GCfix_001327	0.01077	0.006260	0.00000	0.000000	60	0	62	6520
GCall_009395	0.01077	0.006358	0.00000	0.000000	60	0	60	6358
GCfix_002254	0.01041	0.006242	0.00000	0.000000	58	0	58	6242
GCall_008335	0.01041	0.006392	0.00000	0.000000	58	0	60	6658
GCfix_011629	0.01005	0.006044	0.00000	0.000000	56	0	56	6044
GCfix_005482	0.01005	0.005920	0.00000	0.000000	56	0	56	5920
GCfix_002364	0.01005	0.006036	0.00000	0.000000	56	0	56	6036
GCfix_007384	0.00987	0.005782	0.00000	0.000000	55	0	56	5878
GCfix_009515	0.00951	0.005676	0.00000	0.000000	53	0	54	5784
GCall_003420	0.00951	0.005746	0.00000	0.000000	53	0	54	5896
GCfix_004846	0.00933	0.005610	0.00000	0.000000	52	0	52	5610
GCall_009163	0.00933	0.005606	0.00000	0.000000	52	0	52	5606
GCall_009332	0.00916	0.005397	0.00000	0.000000	51	0	52	5516
GCfix_005845	0.00898	0.005398	0.00000	0.000000	50	0	50	5398
GCfix_002268	0.00880	0.005408	0.00000	0.000000	49	0	50	5558
GCfix_000253	0.00880	0.005248	0.00000	0.000000	49	0	50	5364
GCfix_010190	0.00862	0.005178	0.00000	0.000000	48	0	48	5178
GCall_000558	0.00862	0.005168	0.00000	0.000000	48	0	48	5168
GCfix_011090	0.00826	0.004960	0.00000	0.000000	46	0	46	4960
GCfix_008210	0.00826	0.004992	0.00000	0.000000	46	0	46	4992
GCfix_007922	0.00826	0.004946	0.00000	0.000000	46	0	46	4946
GCfix_006284	0.00826	0.004804	0.00000	0.000000	46	0	46	4804
GCall_001158	0.00826	0.004898	0.00000	0.000000	46	0	46	4898
GCall_010229	0.00790	0.004640	0.00000	0.000000	44	0	44	4640
GCall_006679	0.00790	0.004682	0.00000	0.000000	44	0	44	4682
GCfix_008952	0.00754	0.004530	0.00000	0.000000	42	0	42	4530
GCfix_008116	0.00754	0.004318	0.00000	0.000000	42	0	42	4318
GCall_002565	0.00754	0.004528	0.00000	0.000000	42	0	42	4528
GCall_002345	0.00754	0.004432	0.00000	0.000000	42	0	42	4432
GCall_002159	0.00754	0.004596	0.00000	0.000000	42	0	42	4596
GCall_002046	0.00754	0.004506	0.00000	0.000000	42	0	42	4506
GCfix_002463	0.00718	0.004330	0.00000	0.000000	40	0	40	4330
GCall_006569	0.00718	0.004306	0.00000	0.000000	40	0	40	4306
GCfix_009278	0.00682	0.004094	0.00000	0.000000	38	0	38	4094
GCfix_008425	0.00682	0.004008	0.00000	0.000000	38	0	38	4008
GCfix_000501	0.00682	0.004030	0.00000	0.000000	38	0	38	4030
GCall_010467	0.00682	0.004088	0.00000	0.000000	38	0	38	4088
GCfix_006032	0.00664	0.003912	0.00000	0.000000	37	0	38	4062
GCfix_005294	0.00664	0.004078	0.00000	0.000000	37	0	38	4186
GCfix_001845	0.00664	0.003998	0.00000	0.000000	37	0	38	4112
GCall_008824	0.00664	0.004028	0.00000	0.000000	37	0	38	4178
GCfix_010019	0.00646	0.003888	0.00000	0.000000	36	0	36	3888
GCfix_009379	0.00646	0.003772	0.00000	0.000000	36	0	36	3772
GCfix_003591	0.00646	0.003882	0.00000	0.000000	36	0	36	3882
GCfix_001713	0.00646	0.003944	0.00000	0.000000	36	0	36	3944
GCall_009637	0.00646	0.003882	0.00000	0.000000	36	0	36	3882
GCall_008498	0.00646	0.003698	0.00000	0.000000	36	0	36	3698
GCfix_008781	0.00610	0.003668	0.00000	0.000000	34	0	34	3668
GCall_000123	0.00610	0.003664	0.00000	0.000000	34	0	34	3664
GCfix_010952	0.00574	0.003474	0.00000	0.000000	32	0	32	3474
GCfix_006223	0.00574	0.003330	0.00000	0.000000	32	0	32	3330
GCall_010490	0.00574	0.003230	0.00000	0.000000	32	0	32	3230
GCall_005618	0.00574	0.003448	0.00000	0.000000	32	0	32	3448
GCall_003959	0.00574	0.003364	0.00000	0.000000	32	0	32	3364
GCall_001380	0.00574	0.003080	0.00000	0.000000	32	0	32	3080
GCfix_010300	0.00556	0.003374	0.00000	0.000000	31	0	32	3524
GCall_005457	0.00539	0.003164	0.00000	0.000000	30	0	30	3164
GCall_004501	0.00539	0.003236	0.00000	0.000000	30	0	30	3236
GCall_001267	0.00539	0.003236	0.00000	0.000000	30	0	30	3236
GCfix_010226	0.00521	0.003124	0.00000	0.000000	29	0	30	3274
GCfix_008068	0.00503	0.002988	0.00000	0.000000	28	0	28	2988
GCfix_000026	0.00503	0.003026	0.00000	0.000000	28	0	28	3026
GCall_009362	0.00503	0.003100	0.00000	0.000000	28	0	28	3100
GCall_008497	0.00503	0.003044	0.00000	0.000000	28	0	28	3044
GCall_005901	0.00503	0.002952	0.00000	0.000000	28	0	28	2952
GCall_002500	0.00503	0.002886	0.00000	0.000000	28	0	28	2886
GCall_002199	0.00485	0.002750	0.00000	0.000000	27	0	27	2750
GCfix_008301	0.00467	0.002116	0.00000	0.000000	26	0	26	2116
GCfix_003988	0.00467	0.002798	0.00000	0.000000	26	0	26	2798
GCall_009970	0.00467	0.002784	0.00000	0.000000	26	0	26	2784
GCall_005335	0.00467	0.002834	0.00000	0.000000	26	0	26	2834
GCfix_001959	0.00449	0.002652	0.00000	0.000000	25	0	26	2760
GCfix_007281	0.00431	0.002538	0.00000	0.000000	24	0	24	2538
GCfix_006416	0.00431	0.002670	0.00000	0.000000	24	0	24	2670
GCfix_000468	0.00431	0.002590	0.00000	0.000000	24	0	24	2590
GCall_008392	0.00431	0.002590	0.00000	0.000000	24	0	24	2590
GCall_004087	0.00431	0.002632	0.00000	0.000000	24	0	24	2632
GCfix_009742	0.00395	0.002376	0.00000	0.000000	22	0	22	2376
GCfix_007077	0.00395	0.002332	0.00000	0.000000	22	0	22	2332
GCfix_002482	0.00395	0.002454	0.00000	0.000000	22	0	22	2454
GCall_002851	0.00395	0.002108	0.00000	0.000000	22	0	22	2108
GCfix_010181	0.00359	0.001900	0.00000	0.000000	20	0	20	1900
GCfix_009699	0.00359	0.002244	0.00000	0.000000	20	0	20	2244
GCfix_004141	0.00359	0.002156	0.00000	0.000000	20	0	20	2156
GCfix_003507	0.00359	0.002160	0.00000	0.000000	20	0	20	2160
GCfix_002438	0.00359	0.002140	0.00000	0.000000	20	0	20	2140
GCfix_000386	0.00359	0.002150	0.00000	0.000000	20	0	20	2150
GCall_010305	0.00359	0.002122	0.00000	0.000000	20	0	20	2122
GCall_010222	0.00359	0.002064	0.00000	0.000000	20	0	20	2064
GCall_009972	0.00359	0.002160	0.00000	0.000000	20	0	20	2160
GCfix_011128	0.00323	0.001940	0.00000	0.000000	18	0	18	1940
GCfix_009039	0.00323	0.001942	0.00000	0.000000	18	0	18	1942
GCfix_006675	0.00323	0.001864	0.00000	0.000000	18	0	18	1864
GCfix_003752	0.00323	0.001940	0.00000	0.000000	18	0	18	1940
GCfix_001044	0.00323	0.001944	0.00000	0.000000	18	0	18	1944
GCall_011257	0.00323	0.001996	0.00000	0.000000	18	0	18	1996
GCall_004880	0.00323	0.001944	0.00000	0.000000	18	0	18	1944
GCall_001387	0.00323	0.001820	0.00000	0.000000	18	0	18	1820
GCfix_010325	0.00305	0.001780	0.00000	0.000000	17	0	18	1930
GCall_001015	0.00305	0.001842	0.00000	0.000000	17	0	18	1992
GCall_000432	0.00305	0.001868	0.00000	0.000000	17	0	18	2018
GCfix_008322	0.00287	0.001728	0.00000	0.000000	16	0	16	1728
GCfix_002984	0.00287	0.001728	0.00000	0.000000	16	0	16	1728
GCfix_002262	0.00287	0.001692	0.00000	0.000000	16	0	16	1692
GCall_011896	0.00287	0.001730	0.00000	0.000000	16	0	16	1730
GCall_006159	0.00287	0.001692	0.00000	0.000000	16	0	16	1692
GCall_006119	0.00287	0.001716	0.00000	0.000000	16	0	16	1716
GCall_002631	0.00287	0.001574	0.00000	0.000000	16	0	16	1574
GCall_000765	0.00287	0.001720	0.00000	0.000000	16	0	16	1720
GCfix_008279	0.00269	0.001662	0.00000	0.000000	15	0	16	1812
GCall_002145	0.00269	0.001435	0.00000	0.000000	15	0	16	1468
GCfix_010724	0.00251	0.001508	0.00000	0.000000	14	0	14	1508
GCfix_009101	0.00251	0.001510	0.00000	0.000000	14	0	14	1510
GCfix_003707	0.00251	0.001502	0.00000	0.000000	14	0	14	1502
GCfix_002913	0.00251	0.001510	0.00000	0.000000	14	0	14	1510
GCfix_001516	0.00251	0.001492	0.00000	0.000000	14	0	14	1492
GCall_011987	0.00251	0.001502	0.00000	0.000000	14	0	14	1502
GCall_011014	0.00251	0.001506	0.00000	0.000000	14	0	14	1506
GCall_009992	0.00251	0.001512	0.00000	0.000000	14	0	14	1512
GCall_005534	0.00251	0.001510	0.00000	0.000000	14	0	14	1510
GCall_005373	0.00251	0.001510	0.00000	0.000000	14	0	14	1510
GCall_003056	0.00251	0.001506	0.00000	0.000000	14	0	14	1506
GCfix_008651	0.00215	0.001296	0.00000	0.000000	12	0	12	1296
GCfix_001592	0.00215	0.001346	0.00000	0.000000	12	0	12	1346
GCfix_001377	0.00215	0.001290	0.00000	0.000000	12	0	12	1290
GCall_007891	0.00215	0.001296	0.00000	0.000000	12	0	12	1296
GCall_006793	0.00215	0.001294	0.00000	0.000000	12	0	12	1294
GCall_000431	0.00215	0.001294	0.00000	0.000000	12	0	12	1294
GCfix_006994	0.00180	0.001020	0.00000	0.000000	10	0	10	1020
GCfix_003441	0.00180	0.001080	0.00000	0.000000	10	0	10	1080
GCfix_002574	0.00180	0.001068	0.00000	0.000000	10	0	10	1068
GCfix_001733	0.00180	0.001078	0.00000	0.000000	10	0	10	1078
GCfix_001024	0.00180	0.001072	0.00000	0.000000	10	0	10	1072
GCall_011493	0.00180	0.001080	0.00000	0.000000	10	0	10	1080
GCall_005095	0.00180	0.001052	0.00000	0.000000	10	0	10	1052
GCall_004301	0.00180	0.000950	0.00000	0.000000	10	0	10	950
GCfix_006640	0.00144	0.000864	0.00000	0.000000	8	0	8	864
GCfix_003449	0.00144	0.000864	0.00000	0.000000	8	0	8	864
GCfix_000658	0.00144	0.000780	0.00000	0.000000	8	0	8	780
GCall_011870	0.00144	0.000864	0.00000	0.000000	8	0	8	864
GCall_009953	0.00144	0.000864	0.00000	0.000000	8	0	8	864
GCall_009316	0.00144	0.000862	0.00000	0.000000	8	0	8	862
GCall_005794	0.00144	0.000882	0.00000	0.000000	8	0	8	882
GCall_005641	0.00144	0.000864	0.00000	0.000000	8	0	8	864
GCall_005548	0.00144	0.000850	0.00000	0.000000	8	0	8	850
GCall_003582	0.00144	0.000860	0.00000	0.000000	8	0	8	860
GCfix_010726	0.00108	0.000636	0.00000	0.000000	6	0	6	636
GCfix_008854	0.00108	0.000646	0.00000	0.000000	6	0	6	646
GCfix_006126	0.00108	0.000648	0.00000	0.000000	6	0	6	648
GCfix_000666	0.00108	0.000502	0.00000	0.000000	6	0	6	502
GCfix_000120	0.00108	0.000600	0.00000	0.000000	6	0	6	600
GCall_009296	0.00108	0.000642	0.00000	0.000000	6	0	6	642
GCall_002469	0.00108	0.000648	0.00000	0.000000	6	0	6	648
GCall_002337	0.00108	0.000648	0.00000	0.000000	6	0	6	648
GCall_001874	0.00108	0.000640	0.00000	0.000000	6	0	6	640
GCall_001492	0.00108	0.000648	0.00000	0.000000	6	0	6	648
GCall_000198	0.00108	0.000648	0.00000	0.000000	6	0	6	648
GCall_010432	0.00090	0.000582	0.00000	0.000000	5	0	6	732
GCall_000070	0.00090	0.000539	0.00000	0.000000	5	0	6	652
GCfix_011811	0.00072	0.000450	0.00000	0.000000	4	0	4	450
GCfix_008713	0.00072	0.000430	0.00000	0.000000	4	0	4	430
GCfix_008711	0.00072	0.000430	0.00000	0.000000	4	0	4	430
GCfix_002761	0.00072	0.000432	0.00000	0.000000	4	0	4	432
GCfix_001590	0.00072	0.000356	0.00000	0.000000	4	0	4	356
GCfix_001324	0.00072	0.000432	0.00000	0.000000	4	0	4	432
GCfix_000338	0.00072	0.000432	0.00000	0.000000	4	0	4	432
GCfix_000276	0.00072	0.000360	0.00000	0.000000	4	0	4	360
GCfix_000183	0.00072	0.000432	0.00000	0.000000	4	0	4	432
GCall_007813	0.00072	0.000432	0.00000	0.000000	4	0	4	432
GCall_001350	0.00072	0.000432	0.00000	0.000000	4	0	4	432
GCfix_010005	0.00036	0.000216	0.00000	0.000000	2	0	2	216
GCfix_006557	0.00036	0.000216	0.00000	0.000000	2	0	2	216
GCfix_006390	0.00036	0.000218	0.00000	0.000000	2	0	2	218
GCfix_005514	0.00036	0.000216	0.00000	0.000000	2	0	2	216
GCfix_005042	0.00036	0.000216	0.00000	0.000000	2	0	2	216
GCfix_004694	0.00036	0.000086	0.00000	0.000000	2	0	2	86
GCfix_003914	0.00036	0.000216	0.00000	0.000000	2	0	2	216
GCfix_003525	0.00036	0.000216	0.00000	0.000000	2	0	2	216
GCall_011580	0.00036	0.000216	0.00000	0.000000	2	0	2	216
GCall_009982	0.00036	0.000216	0.00000	0.000000	2	0	2	216
GCall_009807	0.00036	0.000214	0.00000	0.000000	2	0	2	214
GCall_006796	0.00036	0.000166	0.00000	0.000000	2	0	2	166
GCall_006686	0.00036	0.000136	0.00000	0.000000	2	0	2	136
GCall_006538	0.00036	0.000214	0.00000	0.000000	2	0	2	214
