#name	%unambiguousReads	unambiguousMB	%ambiguousReads	ambiguousMB	unambiguousReads	ambiguousReads	assignedReads	assignedBases
GCfix_000952	0.94661	0.329931	0.00000	0.000000	4160	0	4178	331466
GCall_010027	0.27852	0.132150	0.00000	0.000000	1224	0	1228	132682
GCall_004788	0.26214	0.124836	0.00000	0.000000	1152	0	1156	125394
GCall_008070	0.26123	0.124436	0.00000	0.000000	1148	0	1154	125238
GCall_004122	0.25326	0.120090	0.00000	0.000000	1113	0	1114	120208
GCfix_000358	0.25304	0.120184	0.00000	0.000000	1112	0	1116	120784
GCall_001634	0.25235	0.120081	0.00000	0.000000	1109	0	1116	121034
GCfix_008874	0.24803	0.118145	0.00000	0.000000	1090	0	1098	119084
GCall_010142	0.24075	0.114397	0.00000	0.000000	1058	0	1068	115732
GCfix_010422	0.23847	0.113349	0.00000	0.000000	1048	0	1052	113916
GCall_006378	0.23665	0.112070	0.00000	0.000000	1040	0	1046	112894
GCall_005749	0.23665	0.112018	0.00000	0.000000	1040	0	1044	112528
GCfix_005060	0.23643	0.112330	0.00000	0.000000	1039	0	1046	113274
GCfix_000188	0.23574	0.112232	0.00000	0.000000	1036	0	1044	113328
GCfix_010983	0.23324	0.110381	0.00000	0.000000	1025	0	1030	111098
GCfix_002038	0.23165	0.109902	0.00000	0.000000	1018	0	1026	110968
GCall_010123	0.23165	0.110187	0.00000	0.000000	1018	0	1024	110952
GCfix_011715	0.23096	0.109224	0.00000	0.000000	1015	0	1018	109638
GCfix_001586	0.22710	0.107880	0.00000	0.000000	998	0	1000	108140
GCfix_002883	0.22687	0.107487	0.00000	0.000000	997	0	1006	108638
GCall_008247	0.22550	0.107069	0.00000	0.000000	991	0	996	107744
GCall_006502	0.22528	0.106658	0.00000	0.000000	990	0	996	107488
GCfix_010893	0.22414	0.106380	0.00000	0.000000	985	0	988	106830
GCfix_004391	0.22277	0.106526	0.00000	0.000000	979	0	986	107470
GCfix_005405	0.22141	0.105311	0.00000	0.000000	973	0	982	106592
GCall_005062	0.22118	0.105273	0.00000	0.000000	972	0	976	105770
GCfix_003152	0.22095	0.105245	0.00000	0.000000	971	0	978	106186
GCfix_007750	0.22072	0.105126	0.00000	0.000000	970	0	972	105348
GCfix_002804	0.22072	0.104735	0.00000	0.000000	970	0	974	105260
GCall_004481	0.22072	0.105140	0.00000	0.000000	970	0	974	105706
GCall_003884	0.22027	0.104597	0.00000	0.000000	968	0	972	105130
GCall_008868	0.21981	0.104331	0.00000	0.000000	966	0	970	104824
GCfix_011827	0.21959	0.104291	0.00000	0.000000	965	0	972	105196
GCall_001851	0.21913	0.104612	0.00000	0.000000	963	0	972	105962
GCall_002161	0.21799	0.103593	0.00000	0.000000	958	0	962	104092
GCall_010506	0.21708	0.102975	0.00000	0.000000	954	0	956	103242
GCfix_004183	0.21640	0.102832	0.00000	0.000000	951	0	956	103476
GCall_009919	0.21640	0.102932	0.00000	0.000000	951	0	958	103800
GCall_010748	0.21572	0.102736	0.00000	0.000000	948	0	954	103596
GCfix_000590	0.21458	0.101568	0.00000	0.000000	943	0	948	102118
GCall_000439	0.21413	0.101639	0.00000	0.000000	941	0	946	102324
GCall_006870	0.21276	0.101329	0.00000	0.000000	935	0	946	102806
GCfix_007747	0.21231	0.100797	0.00000	0.000000	933	0	936	101166
GCall_005056	0.21117	0.100130	0.00000	0.000000	928	0	930	100396
GCfix_007349	0.20935	0.099374	0.00000	0.000000	920	0	922	99674
GCall_011608	0.20912	0.099540	0.00000	0.000000	919	0	920	99658
GCfix_005299	0.20889	0.099573	0.00000	0.000000	918	0	922	100140
GCall_009124	0.20844	0.099049	0.00000	0.000000	916	0	920	99538
GCfix_008531	0.20821	0.098209	0.00000	0.000000	915	0	918	98586
GCfix_011331	0.20798	0.098814	0.00000	0.000000	914	0	918	99350
GCfix_011094	0.20775	0.098582	0.00000	0.000000	913	0	920	99632
GCfix_007507	0.20753	0.098594	0.00000	0.000000	912	0	918	99296
GCfix_009103	0.20707	0.098487	0.00000	0.000000	910	0	916	99314
GCfix_000077	0.20593	0.097804	0.00000	0.000000	905	0	910	98522
GCall_010169	0.20571	0.097562	0.00000	0.000000	904	0	906	97862
GCall_005748	0.20571	0.097398	0.00000	0.000000	904	0	910	98224
GCall_003002	0.20571	0.097860	0.00000	0.000000	904	0	910	98728
GCall_010977	0.20480	0.097496	0.00000	0.000000	900	0	904	98070
GCall_002983	0.20434	0.097462	0.00000	0.000000	898	0	900	97762
GCall_000369	0.20411	0.097164	0.00000	0.000000	897	0	902	97914
GCfix_009734	0.20343	0.096481	0.00000	0.000000	894	0	900	97230
GCfix_005569	0.20320	0.096592	0.00000	0.000000	893	0	898	97300
GCfix_002088	0.20320	0.096726	0.00000	0.000000	893	0	898	97378
GCall_000208	0.20275	0.096508	0.00000	0.000000	891	0	894	96958
GCfix_006745	0.20229	0.096620	0.00000	0.000000	889	0	896	97670
GCfix_006184	0.20229	0.095881	0.00000	0.000000	889	0	892	96308
GCfix_004076	0.20229	0.096010	0.00000	0.000000	889	0	894	96614
GCall_010815	0.20207	0.095773	0.00000	0.000000	888	0	892	96306
GCall_007880	0.20207	0.097855	0.00000	0.000000	888	0	910	100830
GCall_006217	0.20138	0.096133	0.00000	0.000000	885	0	892	97112
GCall_008236	0.20116	0.095759	0.00000	0.000000	884	0	888	96262
GCfix_005310	0.20047	0.095363	0.00000	0.000000	881	0	888	96306
GCall_006262	0.20024	0.094622	0.00000	0.000000	880	0	884	95186
GCfix_000668	0.20002	0.094750	0.00000	0.000000	879	0	882	95158
GCfix_005555	0.19888	0.094574	0.00000	0.000000	874	0	876	94874
GCfix_005933	0.19865	0.094639	0.00000	0.000000	873	0	876	95014
GCfix_006706	0.19797	0.093049	0.00000	0.000000	870	0	874	93542
GCfix_005179	0.19797	0.093606	0.00000	0.000000	870	0	872	93874
GCfix_002813	0.19751	0.093796	0.00000	0.000000	868	0	876	94786
GCall_008380	0.19751	0.093849	0.00000	0.000000	868	0	876	94948
GCfix_005857	0.19729	0.093328	0.00000	0.000000	867	0	870	93694
GCall_004019	0.19706	0.093723	0.00000	0.000000	866	0	872	94550
GCall_010902	0.19615	0.093065	0.00000	0.000000	862	0	868	93892
GCall_006461	0.19592	0.092951	0.00000	0.000000	861	0	866	93628
GCfix_001910	0.19501	0.092766	0.00000	0.000000	857	0	868	94196
GCall_003919	0.19501	0.092671	0.00000	0.000000	857	0	860	93044
GCfix_008919	0.19433	0.092639	0.00000	0.000000	854	0	858	93174
GCall_006830	0.19433	0.092064	0.00000	0.000000	854	0	856	92364
GCfix_006160	0.19387	0.092427	0.00000	0.000000	852	0	860	93498
GCall_000069	0.19365	0.091658	0.00000	0.000000	851	0	854	92108
GCall_004442	0.19296	0.091786	0.00000	0.000000	848	0	854	92612
GCall_007723	0.19205	0.093971	0.00000	0.000000	844	0	862	96596
GCall_001919	0.19205	0.091502	0.00000	0.000000	844	0	850	92304
GCfix_002652	0.19069	0.090465	0.00000	0.000000	838	0	844	91258
GCall_007207	0.19046	0.090500	0.00000	0.000000	837	0	842	91250
GCall_006853	0.19046	0.090874	0.00000	0.000000	837	0	838	91024
GCall_011861	0.19023	0.089631	0.00000	0.000000	836	0	846	90852
GCfix_009343	0.19001	0.090530	0.00000	0.000000	835	0	836	90680
GCfix_006220	0.18955	0.089776	0.00000	0.000000	833	0	836	90226
GCfix_001628	0.18955	0.089848	0.00000	0.000000	833	0	838	90454
GCfix_006285	0.18909	0.089723	0.00000	0.000000	831	0	834	90098
GCfix_011936	0.18887	0.089717	0.00000	0.000000	830	0	836	90530
GCall_006242	0.18887	0.089919	0.00000	0.000000	830	0	840	91350
GCfix_001892	0.18864	0.089322	0.00000	0.000000	829	0	834	89962
GCall_005210	0.18841	0.089597	0.00000	0.000000	828	0	832	90130
GCall_011687	0.18818	0.089541	0.00000	0.000000	827	0	836	90786
GCall_002628	0.18818	0.088915	0.00000	0.000000	827	0	830	89298
GCfix_000022	0.18796	0.089377	0.00000	0.000000	826	0	834	90536
GCfix_005473	0.18773	0.089736	0.00000	0.000000	825	0	830	90350
GCfix_005678	0.18705	0.088760	0.00000	0.000000	822	0	824	89060
GCall_010314	0.18682	0.088472	0.00000	0.000000	821	0	822	88622
GCall_009628	0.18659	0.088839	0.00000	0.000000	820	0	828	89892
GCfix_000661	0.18614	0.088084	0.00000	0.000000	818	0	820	88384
GCall_000331	0.18614	0.088938	0.00000	0.000000	818	0	828	90438
GCfix_009936	0.18591	0.088282	0.00000	0.000000	817	0	820	88732
GCfix_010341	0.18523	0.088035	0.00000	0.000000	814	0	820	88860
GCfix_000287	0.18523	0.087845	0.00000	0.000000	814	0	816	88114
GCall_001080	0.18432	0.087424	0.00000	0.000000	810	0	814	87952
GCfix_011728	0.18409	0.088122	0.00000	0.000000	809	0	820	89638
GCall_007731	0.18409	0.087151	0.00000	0.000000	809	0	810	87266
GCall_006957	0.18409	0.087354	0.00000	0.000000	809	0	814	87950
GCall_004601	0.18363	0.087465	0.00000	0.000000	807	0	814	88440
GCfix_001509	0.18341	0.086868	0.00000	0.000000	806	0	808	87168
GCall_010192	0.18272	0.086749	0.00000	0.000000	803	0	806	87166
GCfix_002058	0.18227	0.087068	0.00000	0.000000	801	0	806	87734
GCfix_010475	0.18159	0.086561	0.00000	0.000000	798	0	806	87622
GCfix_008217	0.18159	0.086211	0.00000	0.000000	798	0	802	86732
GCall_005872	0.18159	0.085928	0.00000	0.000000	798	0	800	86186
GCall_009233	0.18113	0.086746	0.00000	0.000000	796	0	798	87046
GCall_005460	0.18113	0.085583	0.00000	0.000000	796	0	800	86150
GCall_003083	0.18113	0.086212	0.00000	0.000000	796	0	802	87012
GCfix_008578	0.18090	0.085856	0.00000	0.000000	795	0	798	86236
GCall_007232	0.18022	0.085396	0.00000	0.000000	792	0	798	86140
GCall_011713	0.17977	0.085566	0.00000	0.000000	790	0	794	86166
GCall_004436	0.17954	0.084871	0.00000	0.000000	789	0	794	85558
GCfix_008218	0.17931	0.085074	0.00000	0.000000	788	0	794	85868
GCfix_007304	0.17863	0.084714	0.00000	0.000000	785	0	786	84864
GCfix_004611	0.17863	0.085018	0.00000	0.000000	785	0	790	85700
GCall_004897	0.17863	0.084822	0.00000	0.000000	785	0	788	85236
GCfix_003151	0.17817	0.084549	0.00000	0.000000	783	0	786	84958
GCall_001472	0.17817	0.084639	0.00000	0.000000	783	0	788	85276
GCfix_004361	0.17772	0.084850	0.00000	0.000000	781	0	788	85858
GCall_001193	0.17726	0.084128	0.00000	0.000000	779	0	784	84844
GCfix_010714	0.17703	0.084194	0.00000	0.000000	778	0	778	84194
GCall_003620	0.17635	0.083953	0.00000	0.000000	775	0	778	84340
GCfix_000458	0.17612	0.083743	0.00000	0.000000	774	0	776	84000
GCall_009745	0.17612	0.083944	0.00000	0.000000	774	0	780	84778
GCall_008336	0.17612	0.083280	0.00000	0.000000	774	0	778	83732
GCall_003574	0.17612	0.083505	0.00000	0.000000	774	0	776	83730
GCall_010833	0.17544	0.083241	0.00000	0.000000	771	0	774	83650
GCfix_004976	0.17521	0.083381	0.00000	0.000000	770	0	774	83952
GCfix_011878	0.17499	0.083437	0.00000	0.000000	769	0	776	84450
GCfix_000352	0.17499	0.083223	0.00000	0.000000	769	0	774	83868
GCfix_002677	0.17430	0.082888	0.00000	0.000000	766	0	770	83454
GCall_008912	0.17430	0.083086	0.00000	0.000000	766	0	768	83354
GCfix_004146	0.17339	0.081929	0.00000	0.000000	762	0	766	82418
GCall_001203	0.17271	0.082413	0.00000	0.000000	759	0	762	82832
GCall_008503	0.17248	0.081676	0.00000	0.000000	758	0	760	81936
GCfix_007936	0.17157	0.081410	0.00000	0.000000	754	0	756	81678
GCall_005933	0.17157	0.081448	0.00000	0.000000	754	0	758	82014
GCall_001371	0.17157	0.081322	0.00000	0.000000	754	0	756	81590
GCall_010677	0.17135	0.081216	0.00000	0.000000	753	0	758	81858
GCfix_007505	0.17089	0.081180	0.00000	0.000000	751	0	754	81630
GCall_001167	0.17089	0.081256	0.00000	0.000000	751	0	756	81966
GCall_002517	0.17066	0.080904	0.00000	0.000000	750	0	754	81472
GCfix_011395	0.17044	0.080608	0.00000	0.000000	749	0	752	80976
GCall_004064	0.17044	0.080383	0.00000	0.000000	749	0	754	81030
GCall_009241	0.17021	0.082772	0.00000	0.000000	748	0	756	83972
GCall_008644	0.17021	0.080759	0.00000	0.000000	748	0	752	81288
GCall_003996	0.17021	0.080717	0.00000	0.000000	748	0	752	81246
GCfix_009938	0.16975	0.080824	0.00000	0.000000	746	0	750	81424
GCfix_001423	0.16975	0.080616	0.00000	0.000000	746	0	746	80616
GCfix_011884	0.16930	0.080489	0.00000	0.000000	744	0	750	81322
GCfix_006258	0.16930	0.080546	0.00000	0.000000	744	0	746	80846
GCfix_006392	0.16907	0.080484	0.00000	0.000000	743	0	746	80934
GCall_007709	0.16907	0.080516	0.00000	0.000000	743	0	748	81194
GCfix_010596	0.16884	0.080428	0.00000	0.000000	742	0	746	80986
GCall_004377	0.16884	0.079728	0.00000	0.000000	742	0	744	79954
GCall_005204	0.16839	0.079988	0.00000	0.000000	740	0	742	80288
GCfix_005505	0.16816	0.079623	0.00000	0.000000	739	0	742	80040
GCall_000366	0.16816	0.079704	0.00000	0.000000	739	0	742	80120
GCall_003345	0.16771	0.079769	0.00000	0.000000	737	0	738	79886
GCall_007688	0.16725	0.079512	0.00000	0.000000	735	0	740	80222
GCfix_009899	0.16702	0.079444	0.00000	0.000000	734	0	740	80344
GCall_001778	0.16679	0.081358	0.00000	0.000000	733	0	742	82708
GCfix_005155	0.16634	0.078976	0.00000	0.000000	731	0	740	80188
GCall_001056	0.16611	0.078977	0.00000	0.000000	730	0	734	79444
GCall_007316	0.16588	0.078768	0.00000	0.000000	729	0	732	79142
GCfix_003377	0.16566	0.078604	0.00000	0.000000	728	0	732	79172
GCfix_003584	0.16520	0.078894	0.00000	0.000000	726	0	732	79616
GCall_000576	0.16520	0.078402	0.00000	0.000000	726	0	730	79002
GCfix_007613	0.16497	0.078009	0.00000	0.000000	725	0	728	78384
GCall_009239	0.16497	0.078343	0.00000	0.000000	725	0	732	79192
GCall_003050	0.16497	0.077788	0.00000	0.000000	725	0	728	78238
GCfix_005198	0.16475	0.078206	0.00000	0.000000	724	0	728	78732
GCfix_005163	0.16452	0.078579	0.00000	0.000000	723	0	730	79596
GCall_011282	0.16452	0.078313	0.00000	0.000000	723	0	728	78928
GCall_006257	0.16452	0.077918	0.00000	0.000000	723	0	724	78038
GCfix_007049	0.16429	0.078162	0.00000	0.000000	722	0	726	78698
GCall_007615	0.16429	0.077867	0.00000	0.000000	722	0	728	78696
GCfix_009396	0.16338	0.075006	0.00000	0.000000	718	0	720	75306
GCfix_009472	0.16293	0.077105	0.00000	0.000000	716	0	720	77632
GCall_007925	0.16293	0.077624	0.00000	0.000000	716	0	722	78524
GCfix_004719	0.16270	0.077547	0.00000	0.000000	715	0	716	77662
GCall_010777	0.16247	0.077249	0.00000	0.000000	714	0	720	78116
GCall_010387	0.16247	0.077149	0.00000	0.000000	714	0	718	77708
GCall_002482	0.16247	0.077540	0.00000	0.000000	714	0	716	77800
GCall_008872	0.16224	0.077673	0.00000	0.000000	713	0	716	78048
GCfix_004562	0.16202	0.077466	0.00000	0.000000	712	0	716	77986
GCall_011452	0.16202	0.077305	0.00000	0.000000	712	0	716	77832
GCall_005273	0.16179	0.076920	0.00000	0.000000	711	0	714	77370
GCfix_010598	0.16133	0.076720	0.00000	0.000000	709	0	712	77170
GCall_010349	0.16065	0.076168	0.00000	0.000000	706	0	708	76398
GCall_005469	0.16065	0.076122	0.00000	0.000000	706	0	712	76878
GCfix_002655	0.16042	0.076714	0.00000	0.000000	705	0	708	77132
GCfix_000939	0.16042	0.075888	0.00000	0.000000	705	0	710	76564
GCall_009878	0.16042	0.076377	0.00000	0.000000	705	0	710	77020
GCfix_007621	0.15997	0.075802	0.00000	0.000000	703	0	706	76210
GCfix_004773	0.15997	0.076060	0.00000	0.000000	703	0	708	76776
GCall_002924	0.15997	0.076552	0.00000	0.000000	703	0	706	76968
GCfix_008609	0.15951	0.075912	0.00000	0.000000	701	0	704	76286
GCfix_007548	0.15929	0.075634	0.00000	0.000000	700	0	706	76430
GCfix_011443	0.15906	0.075637	0.00000	0.000000	699	0	702	76054
GCfix_010586	0.15906	0.075412	0.00000	0.000000	699	0	702	75862
GCfix_008067	0.15906	0.075901	0.00000	0.000000	699	0	708	77144
GCall_002328	0.15906	0.076091	0.00000	0.000000	699	0	702	76508
GCall_004867	0.15883	0.075512	0.00000	0.000000	698	0	704	76312
GCall_000282	0.15860	0.075450	0.00000	0.000000	697	0	702	76102
GCall_000173	0.15860	0.075228	0.00000	0.000000	697	0	698	75338
GCfix_008370	0.15838	0.075278	0.00000	0.000000	696	0	700	75804
GCall_003922	0.15838	0.075048	0.00000	0.000000	696	0	698	75248
GCfix_009378	0.15815	0.075065	0.00000	0.000000	695	0	700	75664
GCfix_003565	0.15769	0.074660	0.00000	0.000000	693	0	700	75490
GCfix_003461	0.15769	0.074954	0.00000	0.000000	693	0	698	75642
GCall_008965	0.15769	0.075032	0.00000	0.000000	693	0	694	75182
GCfix_007757	0.15747	0.075330	0.00000	0.000000	692	0	694	75630
GCfix_003192	0.15747	0.074891	0.00000	0.000000	692	0	694	75160
GCall_010770	0.15747	0.075124	0.00000	0.000000	692	0	698	76024
GCall_006488	0.15747	0.075028	0.00000	0.000000	692	0	700	76092
GCall_002180	0.15678	0.073877	0.00000	0.000000	689	0	692	74212
GCfix_005235	0.15656	0.073912	0.00000	0.000000	688	0	688	73912
GCall_003891	0.15656	0.074441	0.00000	0.000000	688	0	692	75006
GCfix_000543	0.15633	0.074010	0.00000	0.000000	687	0	688	74126
GCfix_006775	0.15587	0.074066	0.00000	0.000000	685	0	686	74216
GCfix_008132	0.15564	0.074311	0.00000	0.000000	684	0	690	75134
GCall_003968	0.15564	0.073704	0.00000	0.000000	684	0	686	74004
GCall_003518	0.15564	0.073976	0.00000	0.000000	684	0	692	75076
GCfix_007042	0.15542	0.073208	0.00000	0.000000	683	0	688	73958
GCall_005924	0.15542	0.073590	0.00000	0.000000	683	0	688	74200
GCfix_000833	0.15519	0.073929	0.00000	0.000000	682	0	684	74196
GCfix_002912	0.15473	0.073313	0.00000	0.000000	680	0	682	73580
GCfix_006046	0.15451	0.073009	0.00000	0.000000	679	0	684	73644
GCall_004953	0.15451	0.073232	0.00000	0.000000	679	0	684	73908
GCfix_004470	0.15428	0.073680	0.00000	0.000000	678	0	684	74516
GCfix_006134	0.15405	0.073426	0.00000	0.000000	677	0	678	73576
GCfix_002162	0.15405	0.073252	0.00000	0.000000	677	0	680	73702
GCall_008310	0.15382	0.073066	0.00000	0.000000	676	0	678	73298
GCfix_011918	0.15360	0.072528	0.00000	0.000000	675	0	676	72678
GCall_003473	0.15360	0.072814	0.00000	0.000000	675	0	676	72964
GCfix_007957	0.15337	0.072650	0.00000	0.000000	674	0	674	72650
GCfix_011891	0.15314	0.072501	0.00000	0.000000	673	0	678	73146
GCfix_008538	0.15314	0.072924	0.00000	0.000000	673	0	674	73040
GCall_008190	0.15314	0.072526	0.00000	0.000000	673	0	674	72642
GCall_006897	0.15314	0.073057	0.00000	0.000000	673	0	676	73430
GCfix_009804	0.15291	0.072876	0.00000	0.000000	672	0	674	73142
GCfix_006793	0.15269	0.072394	0.00000	0.000000	671	0	674	72844
GCfix_003579	0.15269	0.072094	0.00000	0.000000	671	0	674	72438
GCall_010217	0.15269	0.072556	0.00000	0.000000	671	0	672	72706
GCall_008165	0.15246	0.072231	0.00000	0.000000	670	0	672	72498
GCall_006134	0.15246	0.072282	0.00000	0.000000	670	0	672	72550
GCfix_011877	0.15178	0.071818	0.00000	0.000000	667	0	670	72268
GCfix_006179	0.15178	0.072480	0.00000	0.000000	667	0	670	72890
GCfix_009199	0.15155	0.071759	0.00000	0.000000	666	0	668	71966
GCall_010329	0.15109	0.071806	0.00000	0.000000	664	0	668	72368
GCfix_009248	0.15087	0.071567	0.00000	0.000000	663	0	664	71694
GCfix_007492	0.15087	0.071674	0.00000	0.000000	663	0	668	72424
GCall_007835	0.15087	0.071121	0.00000	0.000000	663	0	664	71248
GCall_007045	0.15087	0.071723	0.00000	0.000000	663	0	670	72636
GCall_009985	0.15064	0.071874	0.00000	0.000000	662	0	664	72174
GCfix_007138	0.15041	0.071506	0.00000	0.000000	661	0	666	72222
GCall_010368	0.15041	0.071442	0.00000	0.000000	661	0	664	71892
GCall_009882	0.15041	0.071478	0.00000	0.000000	661	0	664	71928
GCall_009068	0.15041	0.071123	0.00000	0.000000	661	0	664	71446
GCall_005107	0.15041	0.071035	0.00000	0.000000	661	0	664	71454
GCall_009880	0.15018	0.071319	0.00000	0.000000	660	0	664	71852
GCall_004960	0.15018	0.071206	0.00000	0.000000	660	0	662	71470
GCall_007113	0.14973	0.070860	0.00000	0.000000	658	0	662	71392
GCall_011186	0.14950	0.070788	0.00000	0.000000	657	0	658	70900
GCfix_009581	0.14927	0.070973	0.00000	0.000000	656	0	664	71998
GCfix_004762	0.14905	0.070318	0.00000	0.000000	655	0	658	70768
GCfix_001049	0.14905	0.070606	0.00000	0.000000	655	0	658	71056
GCall_000296	0.14905	0.070674	0.00000	0.000000	655	0	658	71060
GCfix_007733	0.14859	0.070825	0.00000	0.000000	653	0	656	71206
GCall_011924	0.14859	0.070692	0.00000	0.000000	653	0	656	71106
GCfix_005031	0.14814	0.070048	0.00000	0.000000	651	0	656	70764
GCfix_006246	0.14791	0.070268	0.00000	0.000000	650	0	652	70500
GCfix_003995	0.14791	0.070586	0.00000	0.000000	650	0	656	71444
GCfix_001552	0.14791	0.069912	0.00000	0.000000	650	0	650	69912
GCfix_009980	0.14700	0.069743	0.00000	0.000000	646	0	648	70010
GCall_010081	0.14700	0.069653	0.00000	0.000000	646	0	648	69880
GCfix_010086	0.14654	0.069757	0.00000	0.000000	644	0	646	69990
GCfix_000672	0.14654	0.070182	0.00000	0.000000	644	0	648	70684
GCfix_005481	0.14632	0.069644	0.00000	0.000000	643	0	648	70362
GCfix_002543	0.14632	0.069530	0.00000	0.000000	643	0	646	69980
GCall_008368	0.14609	0.069449	0.00000	0.000000	642	0	648	70204
GCfix_011247	0.14563	0.068596	0.00000	0.000000	640	0	642	68832
GCall_006718	0.14541	0.068382	0.00000	0.000000	639	0	642	68716
GCall_011702	0.14518	0.068727	0.00000	0.000000	638	0	640	68954
GCfix_009875	0.14495	0.068590	0.00000	0.000000	637	0	638	68740
GCfix_001936	0.14472	0.068376	0.00000	0.000000	636	0	636	68376
GCall_009012	0.14472	0.069168	0.00000	0.000000	636	0	640	69696
GCfix_001010	0.14449	0.068701	0.00000	0.000000	635	0	636	68828
GCall_011934	0.14404	0.068428	0.00000	0.000000	633	0	636	68804
GCall_009439	0.14381	0.067838	0.00000	0.000000	632	0	634	68138
GCall_007574	0.14381	0.067968	0.00000	0.000000	632	0	634	68202
GCfix_010434	0.14358	0.068780	0.00000	0.000000	631	0	636	69466
GCfix_003501	0.14358	0.067980	0.00000	0.000000	631	0	632	68130
GCfix_002681	0.14358	0.068252	0.00000	0.000000	631	0	634	68638
GCall_011201	0.14336	0.068326	0.00000	0.000000	630	0	636	69194
GCall_009088	0.14336	0.067991	0.00000	0.000000	630	0	634	68476
GCfix_004297	0.14313	0.067652	0.00000	0.000000	629	0	632	68028
GCfix_003248	0.14290	0.067448	0.00000	0.000000	628	0	630	67748
GCfix_007047	0.14267	0.067750	0.00000	0.000000	627	0	630	68200
GCall_007354	0.14245	0.067760	0.00000	0.000000	626	0	630	68360
GCall_006477	0.14222	0.067621	0.00000	0.000000	625	0	628	68040
GCall_006039	0.14199	0.067824	0.00000	0.000000	624	0	626	68124
GCall_005303	0.14199	0.067673	0.00000	0.000000	624	0	628	68148
GCall_003903	0.14199	0.067302	0.00000	0.000000	624	0	624	67302
GCfix_001904	0.14176	0.067360	0.00000	0.000000	623	0	624	67478
GCall_009760	0.14176	0.067438	0.00000	0.000000	623	0	626	67888
GCall_000860	0.14176	0.067298	0.00000	0.000000	623	0	624	67448
GCfix_010820	0.14154	0.067184	0.00000	0.000000	622	0	622	67184
GCfix_007382	0.14154	0.066956	0.00000	0.000000	622	0	622	66956
GCfix_006194	0.14108	0.066852	0.00000	0.000000	620	0	620	66852
GCfix_006512	0.14085	0.067157	0.00000	0.000000	619	0	624	67802
GCfix_011522	0.14040	0.066972	0.00000	0.000000	617	0	620	67360
GCall_011701	0.14040	0.066492	0.00000	0.000000	617	0	620	66868
GCfix_006020	0.14017	0.066644	0.00000	0.000000	616	0	622	67436
GCall_006000	0.14017	0.066470	0.00000	0.000000	616	0	618	66770
GCfix_004825	0.13994	0.066190	0.00000	0.000000	615	0	616	66340
GCfix_001510	0.13994	0.066490	0.00000	0.000000	615	0	616	66640
GCfix_007959	0.13972	0.066240	0.00000	0.000000	614	0	616	66500
GCfix_003352	0.13972	0.066083	0.00000	0.000000	614	0	616	66350
GCall_005804	0.13949	0.066208	0.00000	0.000000	613	0	614	66358
GCfix_009792	0.13926	0.065987	0.00000	0.000000	612	0	616	66478
GCfix_001606	0.13926	0.066049	0.00000	0.000000	612	0	616	66542
GCfix_000614	0.13926	0.066216	0.00000	0.000000	612	0	614	66516
GCall_007808	0.13903	0.066029	0.00000	0.000000	611	0	614	66364
GCall_003292	0.13881	0.065348	0.00000	0.000000	610	0	612	65648
GCfix_001881	0.13858	0.065800	0.00000	0.000000	609	0	612	66208
GCall_000459	0.13835	0.065082	0.00000	0.000000	608	0	610	65342
GCfix_003924	0.13790	0.065686	0.00000	0.000000	606	0	614	66780
GCfix_009494	0.13767	0.065226	0.00000	0.000000	605	0	606	65334
GCall_011899	0.13767	0.065284	0.00000	0.000000	605	0	608	65692
GCfix_009767	0.13721	0.065198	0.00000	0.000000	603	0	608	65948
GCall_005771	0.13721	0.065170	0.00000	0.000000	603	0	608	65880
GCall_003805	0.13721	0.064976	0.00000	0.000000	603	0	604	65126
GCfix_011225	0.13676	0.064886	0.00000	0.000000	601	0	604	65302
GCfix_008722	0.13676	0.065186	0.00000	0.000000	601	0	602	65336
GCfix_005371	0.13676	0.064513	0.00000	0.000000	601	0	604	64844
GCfix_004364	0.13653	0.064680	0.00000	0.000000	600	0	602	64980
GCfix_001776	0.13562	0.064576	0.00000	0.000000	596	0	600	65112
GCall_001978	0.13562	0.064226	0.00000	0.000000	596	0	600	64704
GCall_000414	0.13562	0.064160	0.00000	0.000000	596	0	600	64736
GCfix_003979	0.13539	0.064522	0.00000	0.000000	595	0	600	65272
GCall_001865	0.13517	0.063686	0.00000	0.000000	594	0	596	63944
GCfix_009851	0.13494	0.063851	0.00000	0.000000	593	0	598	64570
GCfix_007429	0.13494	0.063917	0.00000	0.000000	593	0	594	64036
GCfix_002668	0.13494	0.064692	0.00000	0.000000	593	0	598	65340
GCall_000021	0.13494	0.064457	0.00000	0.000000	593	0	598	65110
GCall_011744	0.13471	0.063841	0.00000	0.000000	592	0	598	64632
GCall_003038	0.13448	0.063808	0.00000	0.000000	591	0	594	64258
GCall_007684	0.13403	0.063262	0.00000	0.000000	589	0	592	63712
GCall_004981	0.13403	0.063552	0.00000	0.000000	589	0	590	63668
GCfix_003384	0.13357	0.063808	0.00000	0.000000	587	0	590	64258
GCfix_010075	0.13289	0.063182	0.00000	0.000000	584	0	588	63782
GCfix_008668	0.13266	0.063356	0.00000	0.000000	583	0	586	63774
GCfix_011464	0.13243	0.063568	0.00000	0.000000	582	0	590	64704
GCall_002405	0.13243	0.063163	0.00000	0.000000	582	0	588	63926
GCfix_009390	0.13221	0.062654	0.00000	0.000000	581	0	582	62772
GCall_009723	0.13221	0.063128	0.00000	0.000000	581	0	586	63842
GCall_011080	0.13198	0.062590	0.00000	0.000000	580	0	584	63156
GCfix_001486	0.13152	0.062410	0.00000	0.000000	578	0	580	62666
GCfix_001298	0.13130	0.062504	0.00000	0.000000	577	0	578	62654
GCall_004494	0.13130	0.062324	0.00000	0.000000	577	0	580	62742
GCfix_007692	0.13107	0.062244	0.00000	0.000000	576	0	578	62544
GCfix_001681	0.13084	0.062162	0.00000	0.000000	575	0	578	62580
GCall_009948	0.13039	0.061614	0.00000	0.000000	573	0	574	61764
GCfix_002669	0.12970	0.061542	0.00000	0.000000	570	0	572	61800
GCall_008358	0.12970	0.061326	0.00000	0.000000	570	0	572	61626
GCfix_006517	0.12948	0.061325	0.00000	0.000000	569	0	572	61708
GCall_011471	0.12948	0.061590	0.00000	0.000000	569	0	572	61942
GCfix_009682	0.12925	0.061056	0.00000	0.000000	568	0	568	61056
GCall_001878	0.12925	0.060829	0.00000	0.000000	568	0	570	61096
GCfix_000710	0.12902	0.061326	0.00000	0.000000	567	0	568	61476
GCall_006695	0.12902	0.061242	0.00000	0.000000	567	0	570	61692
GCall_000610	0.12879	0.060782	0.00000	0.000000	566	0	568	61050
GCall_010649	0.12857	0.061069	0.00000	0.000000	565	0	570	61714
GCall_000632	0.12857	0.061118	0.00000	0.000000	565	0	568	61536
GCall_004776	0.12811	0.060614	0.00000	0.000000	563	0	564	60722
GCfix_009153	0.12788	0.060843	0.00000	0.000000	562	0	564	61112
GCall_003354	0.12788	0.060788	0.00000	0.000000	562	0	566	61274
GCall_002279	0.12788	0.060624	0.00000	0.000000	562	0	568	61484
GCall_002038	0.12788	0.060696	0.00000	0.000000	562	0	564	60996
GCfix_002838	0.12766	0.060831	0.00000	0.000000	561	0	564	61206
GCall_009244	0.12766	0.060440	0.00000	0.000000	561	0	562	60590
GCfix_005815	0.12743	0.060754	0.00000	0.000000	560	0	562	61012
GCfix_002122	0.12743	0.060948	0.00000	0.000000	560	0	560	60948
GCall_003813	0.12743	0.060559	0.00000	0.000000	560	0	564	61060
GCfix_009205	0.12720	0.060696	0.00000	0.000000	559	0	562	61146
GCall_009388	0.12720	0.060354	0.00000	0.000000	559	0	562	60780
GCall_002013	0.12720	0.059995	0.00000	0.000000	559	0	562	60278
GCfix_003351	0.12697	0.060356	0.00000	0.000000	558	0	558	60356
GCall_010899	0.12697	0.060020	0.00000	0.000000	558	0	560	60280
GCall_003379	0.12697	0.060440	0.00000	0.000000	558	0	564	61340
GCfix_011057	0.12606	0.059982	0.00000	0.000000	554	0	556	60282
GCall_003089	0.12606	0.059708	0.00000	0.000000	554	0	554	59708
GCall_010923	0.12584	0.059757	0.00000	0.000000	553	0	554	59874
GCall_010215	0.12584	0.059800	0.00000	0.000000	553	0	556	60124
GCall_004576	0.12584	0.059642	0.00000	0.000000	553	0	554	59792
GCfix_009292	0.12561	0.059115	0.00000	0.000000	552	0	558	59984
GCall_011315	0.12561	0.059527	0.00000	0.000000	552	0	554	59794
GCall_011151	0.12561	0.059478	0.00000	0.000000	552	0	556	60044
GCall_008633	0.12538	0.059410	0.00000	0.000000	551	0	554	59828
GCall_001493	0.12538	0.059356	0.00000	0.000000	551	0	552	59506
GCall_004085	0.12493	0.059246	0.00000	0.000000	549	0	550	59356
GCfix_003910	0.12470	0.059383	0.00000	0.000000	548	0	552	59948
GCall_010158	0.12470	0.059112	0.00000	0.000000	548	0	554	59864
GCall_010069	0.12470	0.059232	0.00000	0.000000	548	0	550	59490
GCall_009627	0.12424	0.058477	0.00000	0.000000	546	0	548	58742
GCall_006861	0.12424	0.058972	0.00000	0.000000	546	0	548	59272
GCfix_005829	0.12402	0.058670	0.00000	0.000000	545	0	548	59012
GCfix_005653	0.12402	0.058913	0.00000	0.000000	545	0	548	59330
GCall_003916	0.12333	0.059392	0.00000	0.000000	542	0	550	60558
GCfix_010762	0.12311	0.058798	0.00000	0.000000	541	0	542	58948
GCfix_006841	0.12311	0.058130	0.00000	0.000000	541	0	546	58880
GCfix_003906	0.12311	0.058592	0.00000	0.000000	541	0	544	59004
GCall_005327	0.12311	0.058540	0.00000	0.000000	541	0	546	59290
GCall_004995	0.12311	0.058658	0.00000	0.000000	541	0	542	58808
GCfix_006872	0.12265	0.058464	0.00000	0.000000	539	0	544	59158
GCall_008522	0.12242	0.058476	0.00000	0.000000	538	0	540	58776
GCall_004773	0.12242	0.057942	0.00000	0.000000	538	0	540	58200
GCfix_002051	0.12219	0.057870	0.00000	0.000000	537	0	540	58218
GCfix_006490	0.12197	0.058024	0.00000	0.000000	536	0	542	58712
GCfix_006748	0.12128	0.057425	0.00000	0.000000	533	0	536	57750
GCfix_004079	0.12128	0.057401	0.00000	0.000000	533	0	536	57810
GCfix_010331	0.12106	0.057850	0.00000	0.000000	532	0	534	58150
GCall_005126	0.12106	0.057335	0.00000	0.000000	532	0	534	57558
GCfix_006749	0.12083	0.057166	0.00000	0.000000	531	0	534	57498
GCfix_004814	0.12083	0.057394	0.00000	0.000000	531	0	532	57544
GCall_008285	0.12083	0.057380	0.00000	0.000000	531	0	532	57530
GCfix_005219	0.12060	0.057437	0.00000	0.000000	530	0	532	57708
GCall_011889	0.12060	0.057139	0.00000	0.000000	530	0	532	57370
GCall_006762	0.12060	0.057346	0.00000	0.000000	530	0	536	58122
GCall_003696	0.12060	0.057334	0.00000	0.000000	530	0	532	57634
GCfix_004928	0.12015	0.056926	0.00000	0.000000	528	0	528	56926
GCfix_003237	0.11969	0.056946	0.00000	0.000000	526	0	528	57246
GCall_011248	0.11969	0.056762	0.00000	0.000000	526	0	528	57062
GCall_003902	0.11969	0.056867	0.00000	0.000000	526	0	530	57434
GCall_003773	0.11969	0.056760	0.00000	0.000000	526	0	528	57028
GCfix_011533	0.11946	0.056779	0.00000	0.000000	525	0	530	57414
GCfix_010025	0.11946	0.056875	0.00000	0.000000	525	0	532	57822
GCfix_007239	0.11946	0.056555	0.00000	0.000000	525	0	526	56572
GCfix_004038	0.11946	0.056678	0.00000	0.000000	525	0	526	56794
GCall_006565	0.11946	0.056830	0.00000	0.000000	525	0	528	57238
GCall_000011	0.11946	0.056668	0.00000	0.000000	525	0	526	56730
GCall_004876	0.11924	0.056804	0.00000	0.000000	524	0	524	56804
GCfix_010314	0.11901	0.056570	0.00000	0.000000	523	0	524	56720
GCfix_010986	0.11878	0.056146	0.00000	0.000000	522	0	524	56446
GCfix_007744	0.11855	0.056442	0.00000	0.000000	521	0	524	56892
GCfix_002105	0.11855	0.056228	0.00000	0.000000	521	0	526	56906
GCall_005676	0.11855	0.056378	0.00000	0.000000	521	0	526	57086
GCfix_011050	0.11833	0.056424	0.00000	0.000000	520	0	524	56952
GCfix_010500	0.11833	0.056042	0.00000	0.000000	520	0	522	56342
GCall_003265	0.11833	0.056200	0.00000	0.000000	520	0	522	56458
GCfix_003459	0.11787	0.055749	0.00000	0.000000	518	0	520	55976
GCfix_001746	0.11764	0.056168	0.00000	0.000000	517	0	518	56318
GCfix_003832	0.11742	0.055640	0.00000	0.000000	516	0	522	56466
GCfix_008712	0.11719	0.055726	0.00000	0.000000	515	0	518	56176
GCall_007067	0.11719	0.055666	0.00000	0.000000	515	0	516	55816
GCfix_007034	0.11673	0.055383	0.00000	0.000000	513	0	514	55500
GCall_000608	0.11673	0.055679	0.00000	0.000000	513	0	516	56056
GCfix_009774	0.11628	0.055134	0.00000	0.000000	511	0	512	55244
GCfix_007512	0.11628	0.055106	0.00000	0.000000	511	0	514	55482
GCall_006279	0.11628	0.055129	0.00000	0.000000	511	0	514	55548
GCfix_009840	0.11605	0.055114	0.00000	0.000000	510	0	514	55640
GCfix_007755	0.11560	0.054638	0.00000	0.000000	508	0	508	54638
GCfix_002954	0.11560	0.054902	0.00000	0.000000	508	0	512	55394
GCall_011180	0.11560	0.054792	0.00000	0.000000	508	0	510	55052
GCfix_008718	0.11514	0.054466	0.00000	0.000000	506	0	508	54730
GCfix_005127	0.11469	0.054570	0.00000	0.000000	504	0	506	54836
GCall_010756	0.11469	0.054442	0.00000	0.000000	504	0	504	54442
GCfix_006254	0.11446	0.053833	0.00000	0.000000	503	0	506	54162
GCall_004125	0.11446	0.054098	0.00000	0.000000	503	0	504	54248
GCfix_008180	0.11423	0.054074	0.00000	0.000000	502	0	502	54074
GCall_003551	0.11423	0.054464	0.00000	0.000000	502	0	502	54464
GCfix_006035	0.11400	0.054078	0.00000	0.000000	501	0	502	54228
GCfix_001675	0.11400	0.054024	0.00000	0.000000	501	0	504	54398
GCall_003424	0.11378	0.053684	0.00000	0.000000	500	0	502	53950
GCall_002470	0.11332	0.053252	0.00000	0.000000	498	0	498	53252
GCall_001525	0.11309	0.053612	0.00000	0.000000	497	0	500	54022
GCall_005538	0.11287	0.053616	0.00000	0.000000	496	0	498	53916
GCall_011851	0.11264	0.053446	0.00000	0.000000	495	0	496	53596
GCall_011298	0.11264	0.053349	0.00000	0.000000	495	0	498	53766
GCall_001433	0.11264	0.053107	0.00000	0.000000	495	0	496	53224
GCfix_001825	0.11241	0.053246	0.00000	0.000000	494	0	496	53514
GCfix_001594	0.11241	0.053204	0.00000	0.000000	494	0	494	53204
GCall_008298	0.11241	0.053418	0.00000	0.000000	494	0	494	53418
GCfix_009017	0.11218	0.053230	0.00000	0.000000	493	0	494	53348
GCall_004061	0.11196	0.053416	0.00000	0.000000	492	0	494	53648
GCall_004037	0.11196	0.053134	0.00000	0.000000	492	0	494	53434
GCfix_004354	0.11150	0.052974	0.00000	0.000000	490	0	494	53532
GCfix_004351	0.11150	0.053091	0.00000	0.000000	490	0	496	53812
GCall_004468	0.11150	0.052592	0.00000	0.000000	490	0	490	52592
GCfix_007557	0.11127	0.052694	0.00000	0.000000	489	0	490	52844
GCfix_002595	0.11082	0.052759	0.00000	0.000000	487	0	492	53444
GCall_009055	0.11082	0.052672	0.00000	0.000000	487	0	488	52788
GCfix_011817	0.11036	0.052706	0.00000	0.000000	485	0	486	52856
GCfix_002881	0.11036	0.052478	0.00000	0.000000	485	0	488	52858
GCall_000466	0.10968	0.052002	0.00000	0.000000	482	0	484	52268
GCall_010694	0.10945	0.052375	0.00000	0.000000	481	0	484	52754
GCall_008840	0.10900	0.051592	0.00000	0.000000	479	0	482	52042
GCfix_006967	0.10877	0.051630	0.00000	0.000000	478	0	482	52230
GCfix_011351	0.10854	0.051504	0.00000	0.000000	477	0	480	51708
GCfix_007726	0.10831	0.051493	0.00000	0.000000	476	0	478	51762
GCfix_007482	0.10809	0.051304	0.00000	0.000000	475	0	476	51386
GCfix_004267	0.10809	0.051208	0.00000	0.000000	475	0	476	51316
GCall_005051	0.10809	0.051410	0.00000	0.000000	475	0	476	51560
GCall_004726	0.10809	0.051384	0.00000	0.000000	475	0	476	51534
GCfix_001195	0.10786	0.051046	0.00000	0.000000	474	0	474	51046
GCall_008719	0.10786	0.051067	0.00000	0.000000	474	0	480	51894
GCfix_008163	0.10763	0.051271	0.00000	0.000000	473	0	476	51688
GCall_007462	0.10763	0.050868	0.00000	0.000000	473	0	476	51278
GCfix_005996	0.10740	0.051118	0.00000	0.000000	472	0	476	51718
GCfix_001630	0.10695	0.050574	0.00000	0.000000	470	0	470	50574
GCall_007497	0.10695	0.050776	0.00000	0.000000	470	0	470	50776
GCall_004208	0.10649	0.050794	0.00000	0.000000	468	0	468	50794
GCall_011148	0.10627	0.050233	0.00000	0.000000	467	0	468	50340
GCall_004840	0.10581	0.050288	0.00000	0.000000	465	0	470	51006
GCall_004965	0.10536	0.050104	0.00000	0.000000	463	0	466	50486
GCfix_007435	0.10513	0.049950	0.00000	0.000000	462	0	464	50250
GCall_004213	0.10513	0.049772	0.00000	0.000000	462	0	462	49772
GCall_004014	0.10490	0.049316	0.00000	0.000000	461	0	462	49466
GCfix_003573	0.10422	0.049448	0.00000	0.000000	458	0	462	49938
GCall_001046	0.10422	0.049592	0.00000	0.000000	458	0	464	50320
GCfix_008205	0.10399	0.049314	0.00000	0.000000	457	0	460	49732
GCfix_001424	0.10399	0.048933	0.00000	0.000000	457	0	460	49316
GCall_002094	0.10399	0.049498	0.00000	0.000000	457	0	462	50248
GCall_009033	0.10354	0.049206	0.00000	0.000000	455	0	456	49356
GCall_010012	0.10308	0.049170	0.00000	0.000000	453	0	456	49620
GCall_009905	0.10308	0.049110	0.00000	0.000000	453	0	458	49752
GCall_003795	0.10308	0.049040	0.00000	0.000000	453	0	456	49456
GCfix_007286	0.10285	0.048740	0.00000	0.000000	452	0	456	49298
GCall_003213	0.10285	0.049014	0.00000	0.000000	452	0	456	49614
GCfix_009534	0.10263	0.048828	0.00000	0.000000	451	0	454	49278
GCfix_003389	0.10263	0.048706	0.00000	0.000000	451	0	456	49382
GCfix_011770	0.10217	0.048525	0.00000	0.000000	449	0	451	48748
GCall_008607	0.10217	0.048494	0.00000	0.000000	449	0	452	48862
GCall_003487	0.10194	0.047658	0.00000	0.000000	448	0	450	47958
GCall_009976	0.10149	0.048056	0.00000	0.000000	446	0	449	48464
GCall_002499	0.10149	0.048000	0.00000	0.000000	446	0	446	48000
GCfix_009764	0.10126	0.048102	0.00000	0.000000	445	0	450	48782
GCfix_009277	0.10103	0.048169	0.00000	0.000000	444	0	448	48738
GCfix_008380	0.10058	0.047875	0.00000	0.000000	442	0	444	48140
GCall_002343	0.09967	0.047164	0.00000	0.000000	438	0	440	47422
GCall_001164	0.09944	0.047117	0.00000	0.000000	437	0	442	47792
GCfix_007942	0.09921	0.047074	0.00000	0.000000	436	0	436	47074
GCfix_002479	0.09921	0.047198	0.00000	0.000000	436	0	436	47198
GCfix_003530	0.09898	0.046792	0.00000	0.000000	435	0	436	46902
GCall_008650	0.09898	0.046844	0.00000	0.000000	435	0	436	46994
GCfix_008095	0.09807	0.046526	0.00000	0.000000	431	0	432	46676
GCfix_007545	0.09807	0.046798	0.00000	0.000000	431	0	432	46948
GCfix_000485	0.09739	0.045982	0.00000	0.000000	428	0	430	46248
GCall_000303	0.09716	0.046068	0.00000	0.000000	427	0	428	46184
GCall_009169	0.09671	0.045925	0.00000	0.000000	425	0	428	46334
GCall_000634	0.09557	0.045250	0.00000	0.000000	420	0	422	45550
GCfix_002715	0.09534	0.045258	0.00000	0.000000	419	0	422	45674
GCall_009688	0.09534	0.045632	0.00000	0.000000	419	0	420	45782
GCall_006349	0.09534	0.045140	0.00000	0.000000	419	0	420	45290
GCfix_007615	0.09489	0.044982	0.00000	0.000000	417	0	420	45356
GCall_006949	0.09489	0.045150	0.00000	0.000000	417	0	418	45300
GCfix_008379	0.09466	0.045032	0.00000	0.000000	416	0	418	45302
GCall_002135	0.09466	0.044630	0.00000	0.000000	416	0	418	44896
GCall_001903	0.09466	0.045154	0.00000	0.000000	416	0	420	45754
GCfix_004724	0.09443	0.044619	0.00000	0.000000	415	0	418	44986
GCfix_003779	0.09443	0.044626	0.00000	0.000000	415	0	416	44776
GCall_006055	0.09398	0.044790	0.00000	0.000000	413	0	416	45210
GCall_007076	0.09330	0.044168	0.00000	0.000000	410	0	414	44612
GCfix_007930	0.09193	0.043576	0.00000	0.000000	404	0	408	44112
GCfix_006033	0.09193	0.043602	0.00000	0.000000	404	0	406	43860
GCfix_010822	0.09170	0.043572	0.00000	0.000000	403	0	406	43980
GCfix_006001	0.09170	0.043672	0.00000	0.000000	403	0	404	43822
GCall_009600	0.09170	0.043327	0.00000	0.000000	403	0	406	43704
GCall_008869	0.09170	0.043612	0.00000	0.000000	403	0	404	43762
GCfix_000633	0.09148	0.043514	0.00000	0.000000	402	0	408	44276
GCall_003628	0.09079	0.042813	0.00000	0.000000	399	0	402	43200
GCall_002196	0.09057	0.042896	0.00000	0.000000	398	0	398	42896
GCall_001390	0.09034	0.042932	0.00000	0.000000	397	0	398	43040
GCfix_008799	0.08897	0.042186	0.00000	0.000000	391	0	392	42336
GCfix_001380	0.08897	0.042632	0.00000	0.000000	391	0	396	43344
GCall_010527	0.08897	0.042112	0.00000	0.000000	391	0	394	42562
GCall_003527	0.08897	0.042224	0.00000	0.000000	391	0	394	42632
GCfix_002975	0.08874	0.042064	0.00000	0.000000	390	0	390	42064
GCfix_001921	0.08874	0.042290	0.00000	0.000000	390	0	392	42590
GCall_008397	0.08806	0.042092	0.00000	0.000000	387	0	390	42542
GCfix_000122	0.08761	0.041556	0.00000	0.000000	385	0	386	41706
GCall_009888	0.08738	0.041556	0.00000	0.000000	384	0	386	41856
GCall_007752	0.08738	0.041258	0.00000	0.000000	384	0	384	41258
GCall_007257	0.08738	0.041753	0.00000	0.000000	384	0	386	42020
GCfix_007895	0.08692	0.041346	0.00000	0.000000	382	0	384	41614
GCall_000900	0.08647	0.040946	0.00000	0.000000	380	0	380	40946
GCfix_009000	0.08601	0.041060	0.00000	0.000000	378	0	380	41360
GCfix_003433	0.08579	0.040708	0.00000	0.000000	377	0	378	40858
GCfix_000328	0.08579	0.039098	0.00000	0.000000	377	0	378	39248
GCfix_008258	0.08533	0.040621	0.00000	0.000000	375	0	380	41296
GCall_008351	0.08533	0.040671	0.00000	0.000000	375	0	378	41046
GCfix_009230	0.08510	0.040470	0.00000	0.000000	374	0	376	40770
GCall_005173	0.08442	0.040048	0.00000	0.000000	371	0	372	40198
GCall_005171	0.08442	0.040220	0.00000	0.000000	371	0	376	40970
GCall_000675	0.08442	0.040156	0.00000	0.000000	371	0	372	40306
GCall_011936	0.08419	0.039730	0.00000	0.000000	370	0	370	39730
GCfix_001349	0.08397	0.039649	0.00000	0.000000	369	0	370	39766
GCfix_006854	0.08351	0.039584	0.00000	0.000000	367	0	372	40334
GCfix_009836	0.08328	0.039394	0.00000	0.000000	366	0	368	39654
GCfix_001855	0.08328	0.039456	0.00000	0.000000	366	0	368	39756
GCall_007142	0.08328	0.039434	0.00000	0.000000	366	0	368	39702
GCall_001445	0.08260	0.039330	0.00000	0.000000	363	0	364	39480
GCall_010100	0.08192	0.038766	0.00000	0.000000	360	0	362	39066
GCall_000024	0.08192	0.038827	0.00000	0.000000	360	0	362	39104
GCall_009612	0.08146	0.038466	0.00000	0.000000	358	0	358	38466
GCall_007967	0.08146	0.038738	0.00000	0.000000	358	0	360	39004
GCfix_009466	0.08124	0.038642	0.00000	0.000000	357	0	358	38792
GCfix_002612	0.08124	0.038536	0.00000	0.000000	357	0	358	38654
GCfix_000310	0.07987	0.037828	0.00000	0.000000	351	0	354	38238
GCfix_000494	0.07851	0.037212	0.00000	0.000000	345	0	348	37662
GCall_007245	0.07851	0.037393	0.00000	0.000000	345	0	348	37810
GCall_009881	0.07782	0.036794	0.00000	0.000000	342	0	344	37052
GCfix_008946	0.07759	0.036610	0.00000	0.000000	341	0	344	37036
GCfix_009530	0.07691	0.036794	0.00000	0.000000	338	0	340	37094
GCall_008239	0.07646	0.036384	0.00000	0.000000	336	0	338	36684
GCall_001613	0.07646	0.036280	0.00000	0.000000	336	0	336	36280
GCall_010153	0.07623	0.036072	0.00000	0.000000	335	0	338	36522
GCfix_011289	0.07577	0.035912	0.00000	0.000000	333	0	334	36062
GCfix_010919	0.07532	0.035654	0.00000	0.000000	331	0	332	35770
GCfix_006164	0.07532	0.035866	0.00000	0.000000	331	0	334	36284
GCall_006580	0.07441	0.035426	0.00000	0.000000	327	0	328	35576
GCfix_009109	0.07418	0.035194	0.00000	0.000000	326	0	328	35460
GCall_008705	0.07282	0.034700	0.00000	0.000000	320	0	320	34700
GCall_010616	0.07236	0.034492	0.00000	0.000000	318	0	322	35028
GCall_011139	0.07145	0.034024	0.00000	0.000000	314	0	318	34526
GCfix_001301	0.06986	0.033082	0.00000	0.000000	307	0	310	33420
GCall_010980	0.06781	0.032159	0.00000	0.000000	298	0	300	32392
GCall_000918	0.06713	0.031806	0.00000	0.000000	295	0	296	31956
GCfix_001579	0.06644	0.034624	0.00000	0.000000	292	0	334	40886
GCfix_002692	0.06599	0.030894	0.00000	0.000000	290	0	290	30894
GCall_001646	0.06576	0.031040	0.00000	0.000000	289	0	292	31374
GCall_002015	0.06553	0.031016	0.00000	0.000000	288	0	292	31502
GCfix_006950	0.06417	0.030544	0.00000	0.000000	282	0	284	30844
GCall_005302	0.06417	0.030148	0.00000	0.000000	282	0	282	30148
GCfix_008415	0.06053	0.028594	0.00000	0.000000	266	0	268	28894
GCfix_004684	0.05939	0.028232	0.00000	0.000000	261	0	262	28382
GCfix_010239	0.05916	0.028150	0.00000	0.000000	260	0	260	28150
GCall_007775	0.05643	0.026822	0.00000	0.000000	248	0	248	26822
GCfix_001888	0.05484	0.025986	0.00000	0.000000	241	0	244	26394
GCall_008616	0.05461	0.025856	0.00000	0.000000	240	0	240	25856
GCfix_000986	0.05438	0.025500	0.00000	0.000000	239	0	240	25618
GCall_004607	0.05393	0.025658	0.00000	0.000000	237	0	238	25808
GCall_001761	0.05188	0.024830	0.00000	0.000000	228	0	230	25130
GCall_010726	0.05074	0.024044	0.00000	0.000000	223	0	224	24194
GCfix_006488	0.04938	0.023832	0.00000	0.000000	217	0	218	23982
GCall_011555	0.04779	0.022584	0.00000	0.000000	210	0	210	22584
GCfix_008283	0.04483	0.021534	0.00000	0.000000	197	0	200	21954
GCfix_000765	0.04414	0.020926	0.00000	0.000000	194	0	194	20926
GCall_001437	0.04369	0.020719	0.00000	0.000000	192	0	194	20978
GCfix_003174	0.04278	0.020392	0.00000	0.000000	188	0	188	20392
GCfix_006125	0.04096	0.018932	0.00000	0.000000	180	0	180	18932
GCall_011761	0.03914	0.018620	0.00000	0.000000	172	0	172	18620
GCall_005098	0.03777	0.017784	0.00000	0.000000	166	0	168	18084
GCfix_009551	0.03732	0.017730	0.00000	0.000000	164	0	164	17730
GCfix_007293	0.03641	0.017310	0.00000	0.000000	160	0	160	17310
GCall_005365	0.03550	0.016986	0.00000	0.000000	156	0	156	16986
GCall_001837	0.03504	0.016744	0.00000	0.000000	154	0	154	16744
GCall_005495	0.03299	0.015494	0.00000	0.000000	145	0	146	15606
GCfix_008175	0.03186	0.015150	0.00000	0.000000	140	0	140	15150
GCall_008713	0.03186	0.015081	0.00000	0.000000	140	0	142	15346
GCall_005506	0.03163	0.014630	0.00000	0.000000	139	0	140	14748
GCfix_000069	0.02958	0.014076	0.00000	0.000000	130	0	130	14076
GCfix_009409	0.02844	0.013464	0.00000	0.000000	125	0	126	13572
GCfix_008688	0.02822	0.009762	0.00000	0.000000	124	0	124	9762
GCall_011209	0.02822	0.013468	0.00000	0.000000	124	0	124	13468
GCall_000907	0.02640	0.012676	0.00000	0.000000	116	0	116	12676
GCfix_009808	0.02549	0.012070	0.00000	0.000000	112	0	112	12070
GCall_005623	0.02526	0.011966	0.00000	0.000000	111	0	112	12082
GCfix_008792	0.02412	0.011430	0.00000	0.000000	106	0	106	11430
GCfix_007861	0.02367	0.011212	0.00000	0.000000	104	0	104	11212
GCfix_005295	0.02344	0.011006	0.00000	0.000000	103	0	104	11156
GCall_000894	0.02253	0.010784	0.00000	0.000000	99	0	100	10934
GCall_007634	0.02230	0.010568	0.00000	0.000000	98	0	98	10568
GCall_009466	0.02184	0.010310	0.00000	0.000000	96	0	98	10542
GCfix_007100	0.02162	0.010237	0.00000	0.000000	95	0	96	10350
GCfix_007858	0.02093	0.010076	0.00000	0.000000	92	0	92	10076
GCfix_005470	0.02093	0.009906	0.00000	0.000000	92	0	92	9906
GCall_002381	0.02048	0.009740	0.00000	0.000000	90	0	90	9740
GCall_003537	0.02025	0.009585	0.00000	0.000000	89	0	90	9700
GCall_011691	0.02002	0.009108	0.00000	0.000000	88	0	88	9108
GCall_002611	0.02002	0.009402	0.00000	0.000000	88	0	88	9402
GCfix_005618	0.01957	0.009342	0.00000	0.000000	86	0	86	9342
GCall_002514	0.01957	0.009364	0.00000	0.000000	86	0	86	9364
GCall_003266	0.01934	0.009206	0.00000	0.000000	85	0	86	9356
GCfix_010122	0.01911	0.009070	0.00000	0.000000	84	0	84	9070
GCall_008141	0.01911	0.008988	0.00000	0.000000	84	0	84	8988
GCfix_008161	0.01866	0.008928	0.00000	0.000000	82	0	82	8928
GCall_002336	0.01843	0.008826	0.00000	0.000000	81	0	82	8976
GCall_004934	0.01820	0.008412	0.00000	0.000000	80	0	80	8412
GCfix_006716	0.01775	0.008294	0.00000	0.000000	78	0	78	8294
GCall_002020	0.01775	0.008330	0.00000	0.000000	78	0	78	8330
GCall_008253	0.01729	0.007984	0.00000	0.000000	76	0	76	7984
GCall_004556	0.01729	0.008152	0.00000	0.000000	76	0	76	8152
GCall_000166	0.01729	0.008024	0.00000	0.000000	76	0	76	8024
GCfix_003447	0.01684	0.007990	0.00000	0.000000	74	0	74	7990
GCall_000834	0.01684	0.007864	0.00000	0.000000	74	0	74	7864
GCfix_011381	0.01661	0.007882	0.00000	0.000000	73	0	74	8000
GCfix_007366	0.01593	0.007598	0.00000	0.000000	70	0	70	7598
GCfix_006932	0.01593	0.007542	0.00000	0.000000	70	0	70	7542
GCall_003168	0.01593	0.007406	0.00000	0.000000	70	0	70	7406
GCfix_008239	0.01570	0.007568	0.00000	0.000000	69	0	70	7718
GCall_008864	0.01570	0.007358	0.00000	0.000000	69	0	70	7466
GCall_006946	0.01547	0.007470	0.00000	0.000000	68	0	70	7738
GCfix_009368	0.01525	0.007024	0.00000	0.000000	67	0	68	7174
GCfix_011680	0.01502	0.006666	0.00000	0.000000	66	0	66	6666
GCfix_010907	0.01502	0.007120	0.00000	0.000000	66	0	66	7120
GCall_000946	0.01502	0.007008	0.00000	0.000000	66	0	66	7008
GCall_006696	0.01479	0.007184	0.00000	0.000000	65	0	66	7334
GCall_007852	0.01456	0.006902	0.00000	0.000000	64	0	64	6902
GCfix_007432	0.01411	0.006568	0.00000	0.000000	62	0	62	6568
GCfix_005658	0.01411	0.006670	0.00000	0.000000	62	0	62	6670
GCall_006623	0.01388	0.006664	0.00000	0.000000	61	0	62	6774
GCfix_008612	0.01365	0.006470	0.00000	0.000000	60	0	60	6470
GCfix_002314	0.01365	0.006474	0.00000	0.000000	60	0	60	6474
GCall_008851	0.01365	0.006382	0.00000	0.000000	60	0	60	6382
GCall_004855	0.01320	0.006258	0.00000	0.000000	58	0	58	6258
GCall_003881	0.01320	0.006126	0.00000	0.000000	58	0	58	6126
GCall_003530	0.01320	0.006254	0.00000	0.000000	58	0	58	6254
GCfix_002865	0.01274	0.006042	0.00000	0.000000	56	0	56	6042
GCall_005091	0.01274	0.005910	0.00000	0.000000	56	0	56	5910
GCall_010909	0.01229	0.005826	0.00000	0.000000	54	0	54	5826
GCall_008580	0.01206	0.005706	0.00000	0.000000	53	0	54	5822
GCall_001408	0.01183	0.005526	0.00000	0.000000	52	0	52	5526
GCfix_001466	0.01161	0.005544	0.00000	0.000000	51	0	52	5694
GCfix_009200	0.01138	0.005380	0.00000	0.000000	50	0	50	5380
GCfix_008339	0.01138	0.005382	0.00000	0.000000	50	0	50	5382
GCall_002169	0.01138	0.005390	0.00000	0.000000	50	0	50	5390
GCfix_001331	0.01115	0.005299	0.00000	0.000000	49	0	50	5416
GCfix_000982	0.01092	0.005252	0.00000	0.000000	48	0	48	5252
GCfix_000662	0.01092	0.004998	0.00000	0.000000	48	0	48	4998
GCall_009907	0.01092	0.005168	0.00000	0.000000	48	0	48	5168
GCall_009697	0.01092	0.005266	0.00000	0.000000	48	0	48	5266
GCall_007218	0.01092	0.004992	0.00000	0.000000	48	0	48	4992
GCall_002957	0.01092	0.004890	0.00000	0.000000	48	0	48	4890
GCall_003109	0.01069	0.005086	0.00000	0.000000	47	0	48	5204
GCfix_001025	0.01047	0.004888	0.00000	0.000000	46	0	46	4888
GCfix_004977	0.01024	0.004851	0.00000	0.000000	45	0	46	4878
GCfix_010039	0.01001	0.004604	0.00000	0.000000	44	0	44	4604
GCfix_002651	0.01001	0.004730	0.00000	0.000000	44	0	44	4730
GCfix_002416	0.00978	0.004568	0.00000	0.000000	43	0	44	4718
GCfix_008544	0.00956	0.004518	0.00000	0.000000	42	0	42	4518
GCfix_003977	0.00956	0.004408	0.00000	0.000000	42	0	42	4408
GCall_010523	0.00956	0.004528	0.00000	0.000000	42	0	42	4528
GCall_009163	0.00956	0.004456	0.00000	0.000000	42	0	42	4456
GCall_000752	0.00956	0.004536	0.00000	0.000000	42	0	42	4536
GCfix_007241	0.00933	0.004460	0.00000	0.000000	41	0	42	4610
GCfix_004325	0.00910	0.004320	0.00000	0.000000	40	0	40	4320
GCall_003974	0.00910	0.004297	0.00000	0.000000	40	0	42	4496
GCfix_007818	0.00865	0.004092	0.00000	0.000000	38	0	38	4092
GCfix_006691	0.00865	0.004080	0.00000	0.000000	38	0	38	4080
GCall_006666	0.00865	0.003832	0.00000	0.000000	38	0	38	3832
GCall_002734	0.00865	0.004100	0.00000	0.000000	38	0	38	4100
GCall_000703	0.00865	0.004124	0.00000	0.000000	38	0	38	4124
GCall_010052	0.00819	0.003874	0.00000	0.000000	36	0	36	3874
GCall_007674	0.00819	0.003842	0.00000	0.000000	36	0	36	3842
GCall_006778	0.00819	0.003880	0.00000	0.000000	36	0	36	3880
GCfix_007180	0.00796	0.003657	0.00000	0.000000	35	0	36	3774
GCall_001972	0.00796	0.003688	0.00000	0.000000	35	0	36	3716
GCfix_009246	0.00774	0.003656	0.00000	0.000000	34	0	34	3656
GCfix_003478	0.00774	0.003652	0.00000	0.000000	34	0	34	3652
GCfix_000501	0.00774	0.003660	0.00000	0.000000	34	0	34	3660
GCfix_000253	0.00774	0.003740	0.00000	0.000000	34	0	34	3740
GCall_006561	0.00774	0.003756	0.00000	0.000000	34	0	34	3756
GCall_005948	0.00774	0.003672	0.00000	0.000000	34	0	34	3672
GCall_000727	0.00774	0.003292	0.00000	0.000000	34	0	34	3292
GCfix_008952	0.00728	0.003456	0.00000	0.000000	32	0	32	3456
GCfix_005217	0.00728	0.003438	0.00000	0.000000	32	0	32	3438
GCall_007900	0.00728	0.003456	0.00000	0.000000	32	0	32	3456
GCall_006409	0.00728	0.003434	0.00000	0.000000	32	0	32	3434
GCfix_010300	0.00683	0.003240	0.00000	0.000000	30	0	30	3240
GCfix_008210	0.00683	0.003166	0.00000	0.000000	30	0	30	3166
GCall_005896	0.00683	0.003028	0.00000	0.000000	30	0	30	3028
GCall_005716	0.00683	0.003318	0.00000	0.000000	30	0	30	3318
GCall_004341	0.00683	0.003232	0.00000	0.000000	30	0	30	3232
GCfix_011629	0.00637	0.003020	0.00000	0.000000	28	0	28	3020
GCall_000870	0.00637	0.002838	0.00000	0.000000	28	0	28	2838
GCall_007645	0.00592	0.002890	0.00000	0.000000	26	0	26	2890
GCall_006679	0.00592	0.002806	0.00000	0.000000	26	0	26	2806
GCall_000293	0.00592	0.002806	0.00000	0.000000	26	0	26	2806
GCfix_007384	0.00569	0.002636	0.00000	0.000000	25	0	26	2710
GCfix_011795	0.00546	0.002590	0.00000	0.000000	24	0	24	2590
GCfix_001523	0.00546	0.002586	0.00000	0.000000	24	0	24	2586
GCall_010929	0.00546	0.002592	0.00000	0.000000	24	0	24	2592
GCall_010490	0.00546	0.002492	0.00000	0.000000	24	0	24	2492
GCall_003077	0.00546	0.002592	0.00000	0.000000	24	0	24	2592
GCfix_010027	0.00501	0.002372	0.00000	0.000000	22	0	22	2372
GCfix_005294	0.00501	0.002372	0.00000	0.000000	22	0	22	2372
GCall_009395	0.00501	0.002238	0.00000	0.000000	22	0	22	2238
GCall_006569	0.00501	0.002368	0.00000	0.000000	22	0	22	2368
GCall_002225	0.00501	0.002370	0.00000	0.000000	22	0	22	2370
GCall_004087	0.00478	0.002162	0.00000	0.000000	21	0	22	2312
GCfix_009515	0.00455	0.002064	0.00000	0.000000	20	0	20	2064
GCfix_008301	0.00455	0.001500	0.00000	0.000000	20	0	20	1500
GCfix_007821	0.00455	0.002154	0.00000	0.000000	20	0	20	2154
GCfix_005482	0.00455	0.002148	0.00000	0.000000	20	0	20	2148
GCfix_002268	0.00455	0.002114	0.00000	0.000000	20	0	20	2114
GCfix_001713	0.00455	0.002108	0.00000	0.000000	20	0	22	2408
GCfix_001327	0.00455	0.002228	0.00000	0.000000	20	0	20	2228
GCall_003420	0.00455	0.002244	0.00000	0.000000	20	0	20	2244
GCfix_006284	0.00432	0.002094	0.00000	0.000000	19	0	20	2244
GCfix_010995	0.00410	0.001944	0.00000	0.000000	18	0	18	1944
GCfix_010076	0.00410	0.001720	0.00000	0.000000	18	0	18	1720
GCfix_005488	0.00410	0.001770	0.00000	0.000000	18	0	18	1770
GCfix_001845	0.00410	0.001684	0.00000	0.000000	18	0	18	1684
GCall_010229	0.00410	0.001944	0.00000	0.000000	18	0	18	1944
GCall_009332	0.00410	0.001944	0.00000	0.000000	18	0	18	1944
GCall_008824	0.00410	0.001934	0.00000	0.000000	18	0	18	1934
GCall_008498	0.00410	0.001928	0.00000	0.000000	18	0	18	1928
GCall_008146	0.00410	0.001600	0.00000	0.000000	18	0	18	1600
GCall_006291	0.00410	0.001942	0.00000	0.000000	18	0	18	1942
GCall_002046	0.00410	0.001684	0.00000	0.000000	18	0	18	1684
GCall_001015	0.00410	0.001668	0.00000	0.000000	18	0	18	1668
GCall_000431	0.00410	0.001914	0.00000	0.000000	18	0	18	1914
GCfix_009039	0.00364	0.001580	0.00000	0.000000	16	0	16	1580
GCfix_007281	0.00364	0.001554	0.00000	0.000000	16	0	16	1554
GCfix_006032	0.00364	0.001348	0.00000	0.000000	16	0	16	1348
GCfix_000386	0.00364	0.001720	0.00000	0.000000	16	0	16	1720
GCall_009637	0.00364	0.001722	0.00000	0.000000	16	0	16	1722
GCall_004501	0.00364	0.001586	0.00000	0.000000	16	0	16	1586
GCall_002159	0.00364	0.001724	0.00000	0.000000	16	0	16	1724
GCall_002145	0.00364	0.001632	0.00000	0.000000	16	0	16	1632
GCfix_008781	0.00341	0.001367	0.00000	0.000000	15	0	16	1450
GCfix_008713	0.00319	0.001506	0.00000	0.000000	14	0	14	1506
GCfix_008116	0.00319	0.001492	0.00000	0.000000	14	0	14	1492
GCfix_007922	0.00319	0.001520	0.00000	0.000000	14	0	14	1520
GCfix_006640	0.00319	0.001502	0.00000	0.000000	14	0	14	1502
GCfix_002516	0.00319	0.001512	0.00000	0.000000	14	0	14	1512
GCfix_002463	0.00319	0.001350	0.00000	0.000000	14	0	14	1350
GCall_011896	0.00319	0.001512	0.00000	0.000000	14	0	14	1512
GCall_009362	0.00319	0.001414	0.00000	0.000000	14	0	14	1414
GCall_008497	0.00319	0.001512	0.00000	0.000000	14	0	14	1512
GCall_008392	0.00319	0.001592	0.00000	0.000000	14	0	14	1592
GCall_004890	0.00319	0.001510	0.00000	0.000000	14	0	14	1510
GCall_003959	0.00319	0.001512	0.00000	0.000000	14	0	14	1512
GCall_001350	0.00319	0.001506	0.00000	0.000000	14	0	14	1506
GCall_001267	0.00319	0.001370	0.00000	0.000000	14	0	14	1370
GCall_000558	0.00319	0.001488	0.00000	0.000000	14	0	14	1488
GCall_000123	0.00319	0.001332	0.00000	0.000000	14	0	14	1332
GCfix_010190	0.00296	0.001331	0.00000	0.000000	13	0	14	1368
GCfix_002364	0.00296	0.001444	0.00000	0.000000	13	0	14	1594
GCfix_010226	0.00273	0.001204	0.00000	0.000000	12	0	12	1204
GCfix_009742	0.00273	0.001292	0.00000	0.000000	12	0	12	1292
GCfix_008322	0.00273	0.001296	0.00000	0.000000	12	0	12	1296
GCfix_007078	0.00273	0.001292	0.00000	0.000000	12	0	12	1292
GCfix_006416	0.00273	0.001296	0.00000	0.000000	12	0	12	1296
GCfix_006223	0.00273	0.001292	0.00000	0.000000	12	0	12	1292
GCfix_005845	0.00273	0.001296	0.00000	0.000000	12	0	12	1296
GCfix_003988	0.00273	0.001290	0.00000	0.000000	12	0	12	1290
GCfix_002482	0.00273	0.001136	0.00000	0.000000	12	0	12	1136
GCfix_001516	0.00273	0.001152	0.00000	0.000000	12	0	12	1152
GCfix_000026	0.00273	0.001296	0.00000	0.000000	12	0	12	1296
GCall_011987	0.00273	0.001106	0.00000	0.000000	12	0	12	1106
GCall_011111	0.00273	0.001296	0.00000	0.000000	12	0	12	1296
GCall_005335	0.00273	0.001286	0.00000	0.000000	12	0	12	1286
GCall_001158	0.00273	0.001298	0.00000	0.000000	12	0	12	1298
GCall_000432	0.00273	0.001296	0.00000	0.000000	12	0	12	1296
GCfix_009922	0.00250	0.001129	0.00000	0.000000	11	0	12	1218
GCfix_010019	0.00228	0.001078	0.00000	0.000000	10	0	10	1078
GCfix_009379	0.00228	0.001044	0.00000	0.000000	10	0	10	1044
GCfix_008425	0.00228	0.001080	0.00000	0.000000	10	0	10	1080
GCfix_008068	0.00228	0.001004	0.00000	0.000000	10	0	10	1004
GCfix_006675	0.00228	0.000984	0.00000	0.000000	10	0	10	984
GCfix_006390	0.00228	0.001012	0.00000	0.000000	10	0	10	1012
GCfix_004846	0.00228	0.001080	0.00000	0.000000	10	0	10	1080
GCfix_004694	0.00228	0.001040	0.00000	0.000000	10	0	10	1040
GCfix_002984	0.00228	0.001082	0.00000	0.000000	10	0	10	1082
GCfix_001044	0.00228	0.001080	0.00000	0.000000	10	0	10	1080
GCall_009972	0.00228	0.000684	0.00000	0.000000	10	0	10	684
GCall_005095	0.00228	0.001012	0.00000	0.000000	10	0	10	1012
GCall_002500	0.00228	0.001068	0.00000	0.000000	10	0	10	1068
GCall_002345	0.00228	0.000918	0.00000	0.000000	10	0	10	918
GCall_001380	0.00228	0.001078	0.00000	0.000000	10	0	10	1078
GCall_000765	0.00228	0.001050	0.00000	0.000000	10	0	10	1050
GCall_008335	0.00205	0.001098	0.00000	0.000000	9	0	10	1248
GCfix_011811	0.00182	0.000864	0.00000	0.000000	8	0	8	864
GCfix_011090	0.00182	0.000864	0.00000	0.000000	8	0	8	864
GCfix_009278	0.00182	0.000758	0.00000	0.000000	8	0	8	758
GCfix_004141	0.00182	0.000822	0.00000	0.000000	8	0	8	822
GCfix_003591	0.00182	0.000864	0.00000	0.000000	8	0	8	864
GCfix_003507	0.00182	0.000864	0.00000	0.000000	8	0	8	864
GCfix_002262	0.00182	0.000832	0.00000	0.000000	8	0	8	832
GCfix_002254	0.00182	0.000790	0.00000	0.000000	8	0	8	790
GCfix_001959	0.00182	0.000856	0.00000	0.000000	8	0	8	856
GCfix_001592	0.00182	0.000914	0.00000	0.000000	8	0	8	914
GCfix_001324	0.00182	0.000862	0.00000	0.000000	8	0	8	862
GCfix_000338	0.00182	0.000860	0.00000	0.000000	8	0	8	860
GCall_011257	0.00182	0.000862	0.00000	0.000000	8	0	8	862
GCall_009316	0.00182	0.000862	0.00000	0.000000	8	0	8	862
GCall_007891	0.00182	0.000864	0.00000	0.000000	8	0	8	864
GCall_005618	0.00182	0.000766	0.00000	0.000000	8	0	8	766
GCall_005457	0.00182	0.000716	0.00000	0.000000	8	0	8	716
GCall_002851	0.00182	0.000858	0.00000	0.000000	8	0	8	858
GCall_002631	0.00182	0.000842	0.00000	0.000000	8	0	8	842
GCall_001874	0.00182	0.000830	0.00000	0.000000	8	0	8	830
GCall_000070	0.00182	0.000586	0.00000	0.000000	8	0	8	586
GCfix_009699	0.00159	0.000759	0.00000	0.000000	7	0	8	876
GCfix_000183	0.00159	0.000703	0.00000	0.000000	7	0	8	770
GCall_006159	0.00159	0.000794	0.00000	0.000000	7	0	8	944
GCfix_010952	0.00137	0.000648	0.00000	0.000000	6	0	6	648
GCfix_010726	0.00137	0.000646	0.00000	0.000000	6	0	6	646
GCfix_010724	0.00137	0.000568	0.00000	0.000000	6	0	6	568
GCfix_010325	0.00137	0.000452	0.00000	0.000000	6	0	6	452
GCfix_010005	0.00137	0.000572	0.00000	0.000000	6	0	6	572
GCfix_009101	0.00137	0.000576	0.00000	0.000000	6	0	6	576
GCfix_007077	0.00137	0.000564	0.00000	0.000000	6	0	6	564
GCfix_002913	0.00137	0.000578	0.00000	0.000000	6	0	6	578
GCfix_002574	0.00137	0.000646	0.00000	0.000000	6	0	6	646
GCfix_001377	0.00137	0.000648	0.00000	0.000000	6	0	6	648
GCfix_001024	0.00137	0.000648	0.00000	0.000000	6	0	6	648
GCall_010467	0.00137	0.000648	0.00000	0.000000	6	0	6	648
GCall_009992	0.00137	0.000650	0.00000	0.000000	6	0	6	650
GCall_009296	0.00137	0.000644	0.00000	0.000000	6	0	6	644
GCall_005373	0.00137	0.000646	0.00000	0.000000	6	0	6	646
GCall_004880	0.00137	0.000648	0.00000	0.000000	6	0	6	648
GCall_003056	0.00137	0.000646	0.00000	0.000000	6	0	6	646
GCall_002565	0.00137	0.000646	0.00000	0.000000	6	0	6	646
GCall_002469	0.00137	0.000538	0.00000	0.000000	6	0	6	538
GCall_002199	0.00137	0.000634	0.00000	0.000000	6	0	6	634
GCall_001387	0.00137	0.000646	0.00000	0.000000	6	0	6	646
GCfix_011128	0.00091	0.000290	0.00000	0.000000	4	0	4	290
GCfix_010181	0.00091	0.000334	0.00000	0.000000	4	0	4	334
GCfix_008651	0.00091	0.000294	0.00000	0.000000	4	0	4	294
GCfix_006234	0.00091	0.000432	0.00000	0.000000	4	0	4	432
GCfix_003707	0.00091	0.000432	0.00000	0.000000	4	0	4	432
GCfix_003449	0.00091	0.000432	0.00000	0.000000	4	0	4	432
GCfix_002438	0.00091	0.000434	0.00000	0.000000	4	0	4	434
GCfix_001733	0.00091	0.000394	0.00000	0.000000	4	0	4	394
GCfix_001590	0.00091	0.000430	0.00000	0.000000	4	0	4	430
GCfix_000666	0.00091	0.000420	0.00000	0.000000	4	0	4	420
GCfix_000468	0.00091	0.000430	0.00000	0.000000	4	0	4	430
GCall_011580	0.00091	0.000432	0.00000	0.000000	4	0	4	432
GCall_010222	0.00091	0.000432	0.00000	0.000000	4	0	4	432
GCall_009970	0.00091	0.000408	0.00000	0.000000	4	0	4	408
GCall_006793	0.00091	0.000408	0.00000	0.000000	4	0	4	408
GCall_006538	0.00091	0.000430	0.00000	0.000000	4	0	4	430
GCall_005901	0.00091	0.000432	0.00000	0.000000	4	0	4	432
GCall_005641	0.00091	0.000432	0.00000	0.000000	4	0	4	432
GCall_005548	0.00091	0.000258	0.00000	0.000000	4	0	4	258
GCall_003582	0.00091	0.000432	0.00000	0.000000	4	0	4	432
GCfix_008854	0.00046	0.000216	0.00000	0.000000	2	0	2	216
GCfix_008279	0.00046	0.000216	0.00000	0.000000	2	0	2	216
GCfix_006994	0.00046	0.000212	0.00000	0.000000	2	0	2	212
GCfix_006126	0.00046	0.000216	0.00000	0.000000	2	0	2	216
GCfix_005514	0.00046	0.000216	0.00000	0.000000	2	0	2	216
GCfix_005042	0.00046	0.000218	0.00000	0.000000	2	0	2	218
GCfix_003525	0.00046	0.000216	0.00000	0.000000	2	0	2	216
GCfix_002761	0.00046	0.000216	0.00000	0.000000	2	0	2	216
GCfix_000658	0.00046	0.000218	0.00000	0.000000	2	0	2	218
GCfix_000120	0.00046	0.000216	0.00000	0.000000	2	0	2	216
GCall_011870	0.00046	0.000216	0.00000	0.000000	2	0	2	216
GCall_011014	0.00046	0.000216	0.00000	0.000000	2	0	2	216
GCall_010432	0.00046	0.000300	0.00000	0.000000	2	0	2	300
GCall_010305	0.00046	0.000216	0.00000	0.000000	2	0	2	216
GCall_009982	0.00046	0.000216	0.00000	0.000000	2	0	2	216
GCall_007813	0.00046	0.000214	0.00000	0.000000	2	0	2	214
GCall_006119	0.00046	0.000214	0.00000	0.000000	2	0	2	214
GCall_005794	0.00046	0.000124	0.00000	0.000000	2	0	2	124
GCall_005534	0.00046	0.000214	0.00000	0.000000	2	0	2	214
GCall_004301	0.00046	0.000210	0.00000	0.000000	2	0	2	210
GCall_001492	0.00046	0.000216	0.00000	0.000000	2	0	2	216
GCall_000198	0.00046	0.000216	0.00000	0.000000	2	0	2	216
GCfix_003441	0.00023	0.000150	0.00000	0.000000	1	0	2	300
