#name	%unambiguousReads	unambiguousMB	%ambiguousReads	ambiguousMB	unambiguousReads	ambiguousReads	assignedReads	assignedBases
GCfix_000952	0.32556	0.147522	0.00000	0.000000	1738	0	1752	148762
GCfix_006745	0.18732	0.108485	0.00000	0.000000	1000	0	1006	109268
GCfix_001510	0.18076	0.104132	0.00000	0.000000	965	0	972	105086
GCfix_006134	0.18039	0.104328	0.00000	0.000000	963	0	968	104948
GCall_000576	0.18020	0.103584	0.00000	0.000000	962	0	968	104382
GCall_009388	0.17720	0.102014	0.00000	0.000000	946	0	948	102256
GCfix_010341	0.17702	0.101749	0.00000	0.000000	945	0	950	102352
GCall_007723	0.17664	0.103327	0.00000	0.000000	943	0	954	104892
GCall_008872	0.17589	0.102132	0.00000	0.000000	939	0	944	102728
GCall_007731	0.17383	0.100353	0.00000	0.000000	928	0	940	101984
GCall_004481	0.17327	0.100496	0.00000	0.000000	925	0	938	102234
GCall_001371	0.17252	0.099597	0.00000	0.000000	921	0	924	99974
GCfix_000188	0.17158	0.099311	0.00000	0.000000	916	0	928	100946
GCfix_008217	0.17046	0.098736	0.00000	0.000000	910	0	916	99524
GCfix_006285	0.17009	0.097819	0.00000	0.000000	908	0	918	99052
GCfix_003352	0.16971	0.098186	0.00000	0.000000	906	0	914	99250
GCall_007684	0.16952	0.098431	0.00000	0.000000	905	0	914	99684
GCall_006762	0.16915	0.097504	0.00000	0.000000	903	0	908	98132
GCfix_004773	0.16859	0.097208	0.00000	0.000000	900	0	904	97808
GCfix_003248	0.16746	0.096630	0.00000	0.000000	894	0	902	97666
GCall_009439	0.16746	0.096888	0.00000	0.000000	894	0	898	97488
GCfix_007049	0.16709	0.096362	0.00000	0.000000	892	0	896	96962
GCfix_002655	0.16709	0.096310	0.00000	0.000000	892	0	894	96534
GCfix_000358	0.16709	0.096162	0.00000	0.000000	892	0	894	96430
GCall_010977	0.16709	0.096436	0.00000	0.000000	892	0	894	96736
GCfix_009248	0.16690	0.096098	0.00000	0.000000	891	0	894	96514
GCall_006262	0.16690	0.096095	0.00000	0.000000	891	0	896	96772
GCall_006000	0.16690	0.095688	0.00000	0.000000	891	0	892	95806
GCfix_000710	0.16521	0.094814	0.00000	0.000000	882	0	882	94814
GCfix_002669	0.16465	0.095023	0.00000	0.000000	879	0	884	95608
GCfix_007747	0.16428	0.094746	0.00000	0.000000	877	0	880	95156
GCall_004995	0.16353	0.094577	0.00000	0.000000	873	0	880	95518
GCfix_003461	0.16315	0.094012	0.00000	0.000000	871	0	878	94924
GCfix_002804	0.16315	0.093727	0.00000	0.000000	871	0	876	94446
GCall_007615	0.16259	0.093588	0.00000	0.000000	868	0	874	94422
GCall_008070	0.16241	0.093566	0.00000	0.000000	867	0	872	94274
GCall_006134	0.16241	0.093986	0.00000	0.000000	867	0	876	95336
GCall_010770	0.16166	0.093223	0.00000	0.000000	863	0	870	94140
GCall_010123	0.16147	0.093872	0.00000	0.000000	862	0	870	95072
GCfix_004361	0.16128	0.092997	0.00000	0.000000	861	0	866	93714
GCfix_000022	0.16016	0.092045	0.00000	0.000000	855	0	858	92386
GCall_004897	0.15960	0.092082	0.00000	0.000000	852	0	858	92886
GCfix_009205	0.15866	0.091910	0.00000	0.000000	847	0	852	92594
GCfix_010434	0.15847	0.091781	0.00000	0.000000	846	0	852	92618
GCfix_003584	0.15810	0.091461	0.00000	0.000000	844	0	850	92284
GCall_009239	0.15753	0.090493	0.00000	0.000000	841	0	846	91094
GCall_003292	0.15753	0.090960	0.00000	0.000000	841	0	846	91620
GCfix_008874	0.15697	0.090895	0.00000	0.000000	838	0	844	91696
GCfix_007557	0.15679	0.090552	0.00000	0.000000	837	0	840	91002
GCall_003518	0.15679	0.091019	0.00000	0.000000	837	0	840	91404
GCall_003884	0.15622	0.090119	0.00000	0.000000	834	0	838	90648
GCfix_009851	0.15604	0.090305	0.00000	0.000000	833	0	844	91690
GCfix_010986	0.15585	0.090017	0.00000	0.000000	832	0	840	91060
GCfix_010983	0.15585	0.090207	0.00000	0.000000	832	0	840	91236
GCall_008310	0.15547	0.089649	0.00000	0.000000	830	0	832	89916
GCall_009241	0.15529	0.091957	0.00000	0.000000	829	0	842	93836
GCall_004064	0.15529	0.089624	0.00000	0.000000	829	0	832	90074
GCfix_003924	0.15491	0.089581	0.00000	0.000000	827	0	830	90000
GCall_009012	0.15491	0.089648	0.00000	0.000000	827	0	830	90098
GCall_006242	0.15491	0.089163	0.00000	0.000000	827	0	830	89440
GCall_010833	0.15473	0.089169	0.00000	0.000000	826	0	832	90008
GCfix_008609	0.15454	0.089547	0.00000	0.000000	825	0	830	90190
GCall_004773	0.15454	0.089100	0.00000	0.000000	825	0	832	90018
GCfix_009396	0.15435	0.088876	0.00000	0.000000	824	0	834	90146
GCfix_009103	0.15416	0.089005	0.00000	0.000000	823	0	828	89654
GCall_008247	0.15416	0.089254	0.00000	0.000000	823	0	834	90700
GCfix_011918	0.15398	0.088908	0.00000	0.000000	822	0	824	89174
GCall_010902	0.15398	0.089199	0.00000	0.000000	822	0	826	89654
GCfix_005060	0.15379	0.088702	0.00000	0.000000	821	0	830	89952
GCfix_003530	0.15379	0.088830	0.00000	0.000000	821	0	824	89214
GCfix_011443	0.15360	0.088877	0.00000	0.000000	820	0	828	90012
GCfix_009472	0.15341	0.088769	0.00000	0.000000	819	0	826	89722
GCfix_011331	0.15323	0.088940	0.00000	0.000000	818	0	826	89942
GCall_009880	0.15304	0.088086	0.00000	0.000000	817	0	826	89178
GCfix_010598	0.15266	0.088026	0.00000	0.000000	815	0	820	88664
GCfix_004470	0.15229	0.088250	0.00000	0.000000	813	0	816	88598
GCfix_011533	0.15210	0.087995	0.00000	0.000000	812	0	816	88570
GCfix_010893	0.15173	0.087755	0.00000	0.000000	810	0	812	88024
GCall_010748	0.15173	0.087464	0.00000	0.000000	810	0	814	87996
GCall_004960	0.15154	0.087584	0.00000	0.000000	809	0	818	88732
GCall_008190	0.15135	0.087340	0.00000	0.000000	808	0	812	87900
GCall_003968	0.15135	0.087516	0.00000	0.000000	808	0	810	87784
GCall_000860	0.15135	0.087304	0.00000	0.000000	808	0	812	87764
GCfix_009767	0.15117	0.087589	0.00000	0.000000	807	0	812	88274
GCall_004122	0.15098	0.087007	0.00000	0.000000	806	0	812	87768
GCall_000296	0.15098	0.086882	0.00000	0.000000	806	0	810	87482
GCall_009882	0.15060	0.087112	0.00000	0.000000	804	0	810	87978
GCall_004981	0.15060	0.086932	0.00000	0.000000	804	0	812	87980
GCall_003002	0.15042	0.086672	0.00000	0.000000	803	0	806	87058
GCfix_004391	0.15023	0.086814	0.00000	0.000000	802	0	808	87640
GCfix_008163	0.14985	0.086126	0.00000	0.000000	800	0	802	86354
GCall_009723	0.14967	0.086307	0.00000	0.000000	799	0	806	87292
GCfix_004267	0.14948	0.086280	0.00000	0.000000	798	0	808	87596
GCfix_004928	0.14929	0.086049	0.00000	0.000000	797	0	801	86616
GCfix_004825	0.14911	0.086327	0.00000	0.000000	796	0	806	87762
GCfix_000614	0.14911	0.086413	0.00000	0.000000	796	0	800	86980
GCfix_011827	0.14873	0.085840	0.00000	0.000000	794	0	802	86774
GCfix_011877	0.14854	0.085378	0.00000	0.000000	793	0	796	85828
GCfix_011057	0.14836	0.085866	0.00000	0.000000	792	0	798	86694
GCfix_007507	0.14817	0.086288	0.00000	0.000000	791	0	800	87574
GCall_011687	0.14817	0.085483	0.00000	0.000000	791	0	798	86436
GCall_006217	0.14817	0.085316	0.00000	0.000000	791	0	794	85660
GCfix_011351	0.14798	0.085574	0.00000	0.000000	790	0	796	86400
GCfix_005299	0.14798	0.085995	0.00000	0.000000	790	0	798	87160
GCfix_003151	0.14742	0.085023	0.00000	0.000000	787	0	792	85672
GCall_006695	0.14742	0.084974	0.00000	0.000000	787	0	802	86890
GCall_004867	0.14742	0.085198	0.00000	0.000000	787	0	791	85714
GCall_003696	0.14723	0.085315	0.00000	0.000000	786	0	798	86896
GCall_010158	0.14705	0.084844	0.00000	0.000000	785	0	792	85686
GCall_004019	0.14705	0.084834	0.00000	0.000000	785	0	790	85486
GCall_000282	0.14705	0.085101	0.00000	0.000000	785	0	794	86322
GCall_008912	0.14667	0.084672	0.00000	0.000000	783	0	790	85680
GCall_005538	0.14667	0.084858	0.00000	0.000000	783	0	784	85008
GCall_003050	0.14667	0.084386	0.00000	0.000000	783	0	784	84502
GCall_002180	0.14667	0.084576	0.00000	0.000000	783	0	786	85026
GCall_010027	0.14648	0.084385	0.00000	0.000000	782	0	786	84850
GCfix_003565	0.14630	0.084763	0.00000	0.000000	781	0	786	85450
GCall_003038	0.14630	0.084570	0.00000	0.000000	781	0	788	85538
GCfix_001509	0.14611	0.084132	0.00000	0.000000	780	0	782	84398
GCall_004061	0.14611	0.084552	0.00000	0.000000	780	0	788	85712
GCall_000675	0.14592	0.084290	0.00000	0.000000	779	0	784	85010
GCall_000632	0.14592	0.084284	0.00000	0.000000	779	0	784	84926
GCall_001046	0.14573	0.083646	0.00000	0.000000	778	0	782	84174
GCall_002924	0.14536	0.084294	0.00000	0.000000	776	0	782	85052
GCfix_000672	0.14517	0.083670	0.00000	0.000000	775	0	778	84058
GCfix_011728	0.14498	0.083796	0.00000	0.000000	774	0	780	84630
GCfix_005815	0.14498	0.083974	0.00000	0.000000	774	0	778	84542
GCall_003902	0.14480	0.083663	0.00000	0.000000	773	0	776	84046
GCall_000069	0.14480	0.083642	0.00000	0.000000	773	0	778	84350
GCfix_008180	0.14461	0.083368	0.00000	0.000000	772	0	778	84114
GCfix_002912	0.14461	0.083258	0.00000	0.000000	772	0	772	83258
GCall_005107	0.14461	0.083089	0.00000	0.000000	772	0	774	83358
GCall_004436	0.14461	0.083120	0.00000	0.000000	772	0	774	83354
GCfix_006254	0.14442	0.083603	0.00000	0.000000	771	0	774	84016
GCfix_003351	0.14405	0.083017	0.00000	0.000000	769	0	770	83132
GCall_005748	0.14405	0.083023	0.00000	0.000000	769	0	778	84234
GCall_003773	0.14386	0.083206	0.00000	0.000000	768	0	772	83728
GCfix_007505	0.14367	0.082861	0.00000	0.000000	767	0	776	84106
GCall_001851	0.14367	0.083320	0.00000	0.000000	767	0	774	84370
GCfix_006160	0.14349	0.082948	0.00000	0.000000	766	0	770	83508
GCfix_005127	0.14349	0.083241	0.00000	0.000000	766	0	772	84106
GCall_010349	0.14349	0.082793	0.00000	0.000000	766	0	772	83482
GCall_007462	0.14349	0.082059	0.00000	0.000000	766	0	770	82630
GCall_004468	0.14349	0.082634	0.00000	0.000000	766	0	772	83464
GCfix_010596	0.14330	0.082758	0.00000	0.000000	765	0	768	83168
GCfix_007613	0.14292	0.082475	0.00000	0.000000	763	0	770	83452
GCfix_010086	0.14274	0.082314	0.00000	0.000000	762	0	768	83074
GCfix_007750	0.14274	0.082490	0.00000	0.000000	762	0	768	83246
GCfix_001892	0.14274	0.082510	0.00000	0.000000	762	0	768	83352
GCfix_007726	0.14255	0.082535	0.00000	0.000000	761	0	762	82658
GCall_009600	0.14255	0.082489	0.00000	0.000000	761	0	764	82906
GCall_004788	0.14236	0.082358	0.00000	0.000000	760	0	764	82958
GCall_002343	0.14236	0.081859	0.00000	0.000000	760	0	764	82378
GCfix_001910	0.14217	0.082250	0.00000	0.000000	759	0	769	83680
GCall_001525	0.14217	0.082434	0.00000	0.000000	759	0	764	83078
GCall_000466	0.14217	0.081620	0.00000	0.000000	759	0	762	82036
GCall_002499	0.14199	0.082010	0.00000	0.000000	758	0	760	82276
GCfix_002813	0.14180	0.081560	0.00000	0.000000	757	0	760	81976
GCall_001634	0.14180	0.082075	0.00000	0.000000	757	0	764	83016
GCfix_003237	0.14161	0.081938	0.00000	0.000000	756	0	760	82538
GCall_008503	0.14161	0.081426	0.00000	0.000000	756	0	764	82446
GCfix_003979	0.14105	0.081574	0.00000	0.000000	753	0	758	82288
GCall_011471	0.14105	0.081542	0.00000	0.000000	753	0	756	81960
GCall_006861	0.14105	0.081074	0.00000	0.000000	753	0	754	81192
GCall_011180	0.14086	0.081207	0.00000	0.000000	752	0	754	81416
GCfix_005405	0.14068	0.081176	0.00000	0.000000	751	0	756	81816
GCall_010314	0.14068	0.081248	0.00000	0.000000	751	0	758	82194
GCfix_008722	0.14049	0.081324	0.00000	0.000000	750	0	760	82726
GCfix_001776	0.14049	0.081123	0.00000	0.000000	750	0	758	82178
GCfix_007744	0.14030	0.081183	0.00000	0.000000	749	0	752	81564
GCfix_003384	0.13993	0.080758	0.00000	0.000000	747	0	748	80908
GCall_009233	0.13993	0.080997	0.00000	0.000000	747	0	754	81978
GCfix_006967	0.13974	0.080901	0.00000	0.000000	746	0	750	81470
GCfix_006220	0.13974	0.080584	0.00000	0.000000	746	0	748	80810
GCfix_002162	0.13974	0.080692	0.00000	0.000000	746	0	748	80952
GCall_010899	0.13974	0.080598	0.00000	0.000000	746	0	748	80866
GCfix_011464	0.13955	0.080996	0.00000	0.000000	745	0	750	81712
GCfix_006490	0.13955	0.080564	0.00000	0.000000	745	0	746	80714
GCfix_006258	0.13955	0.080566	0.00000	0.000000	745	0	750	81280
GCfix_005555	0.13955	0.080344	0.00000	0.000000	745	0	750	80986
GCall_007835	0.13955	0.080741	0.00000	0.000000	745	0	746	80856
GCall_005460	0.13955	0.080238	0.00000	0.000000	745	0	746	80346
GCall_005126	0.13955	0.080264	0.00000	0.000000	745	0	750	80908
GCall_002482	0.13955	0.080559	0.00000	0.000000	745	0	750	81108
GCfix_005933	0.13918	0.080555	0.00000	0.000000	743	0	748	81154
GCall_005749	0.13918	0.080060	0.00000	0.000000	743	0	746	80474
GCall_001472	0.13918	0.080388	0.00000	0.000000	743	0	748	81038
GCfix_008799	0.13899	0.080598	0.00000	0.000000	742	0	748	81390
GCfix_011936	0.13880	0.080193	0.00000	0.000000	741	0	744	80610
GCfix_007733	0.13880	0.080010	0.00000	0.000000	741	0	744	80392
GCall_004953	0.13880	0.079835	0.00000	0.000000	741	0	744	80252
GCall_001167	0.13880	0.080208	0.00000	0.000000	741	0	744	80624
GCfix_003995	0.13862	0.081055	0.00000	0.000000	740	0	750	82342
GCfix_002883	0.13862	0.080161	0.00000	0.000000	740	0	746	80894
GCall_007925	0.13862	0.080216	0.00000	0.000000	740	0	744	80784
GCall_002983	0.13862	0.080028	0.00000	0.000000	740	0	746	80792
GCfix_002038	0.13843	0.079713	0.00000	0.000000	739	0	744	80430
GCall_009124	0.13843	0.079920	0.00000	0.000000	739	0	742	80370
GCall_008868	0.13824	0.079784	0.00000	0.000000	738	0	746	80822
GCall_006378	0.13824	0.079507	0.00000	0.000000	738	0	742	80076
GCall_004576	0.13824	0.079587	0.00000	0.000000	738	0	740	79820
GCall_011080	0.13805	0.079252	0.00000	0.000000	737	0	738	79402
GCfix_001486	0.13787	0.079789	0.00000	0.000000	736	0	742	80576
GCall_005872	0.13787	0.079695	0.00000	0.000000	736	0	742	80448
GCall_005469	0.13768	0.079433	0.00000	0.000000	735	0	738	79810
GCall_000459	0.13768	0.079298	0.00000	0.000000	735	0	740	79974
GCfix_008919	0.13730	0.079402	0.00000	0.000000	733	0	736	79818
GCfix_005569	0.13730	0.079308	0.00000	0.000000	733	0	736	79758
GCall_008633	0.13712	0.079240	0.00000	0.000000	732	0	732	79240
GCfix_007492	0.13693	0.079107	0.00000	0.000000	731	0	738	79992
GCfix_005235	0.13693	0.079266	0.00000	0.000000	731	0	738	80228
GCall_010169	0.13693	0.078934	0.00000	0.000000	731	0	738	79750
GCall_006502	0.13693	0.079321	0.00000	0.000000	731	0	744	81172
GCfix_011094	0.13674	0.078812	0.00000	0.000000	730	0	736	79712
GCfix_008578	0.13674	0.078642	0.00000	0.000000	730	0	732	78942
GCall_006870	0.13656	0.079010	0.00000	0.000000	729	0	732	79428
GCfix_010762	0.13637	0.078823	0.00000	0.000000	728	0	734	79586
GCall_005771	0.13637	0.078492	0.00000	0.000000	728	0	734	79292
GCall_010506	0.13618	0.078712	0.00000	0.000000	727	0	734	79656
GCfix_007138	0.13599	0.078487	0.00000	0.000000	726	0	732	79254
GCfix_001424	0.13599	0.077930	0.00000	0.000000	726	0	730	78530
GCall_001878	0.13599	0.078755	0.00000	0.000000	726	0	734	79784
GCall_010142	0.13581	0.078770	0.00000	0.000000	725	0	728	79220
GCfix_009343	0.13524	0.078355	0.00000	0.000000	722	0	726	78916
GCfix_006512	0.13524	0.078250	0.00000	0.000000	722	0	730	79258
GCfix_009199	0.13506	0.077878	0.00000	0.000000	721	0	722	78028
GCfix_010075	0.13487	0.077902	0.00000	0.000000	720	0	726	78768
GCall_002628	0.13487	0.077968	0.00000	0.000000	720	0	722	78268
GCfix_009581	0.13468	0.077783	0.00000	0.000000	719	0	724	78498
GCall_011151	0.13449	0.077760	0.00000	0.000000	718	0	722	78298
GCall_010649	0.13431	0.077478	0.00000	0.000000	717	0	722	78196
GCall_005062	0.13431	0.077497	0.00000	0.000000	717	0	720	77906
GCfix_009875	0.13412	0.077384	0.00000	0.000000	716	0	722	78134
GCfix_008712	0.13412	0.077443	0.00000	0.000000	716	0	724	78498
GCfix_007349	0.13375	0.077288	0.00000	0.000000	714	0	720	78006
GCfix_003906	0.13375	0.077614	0.00000	0.000000	714	0	720	78438
GCall_004965	0.13375	0.077302	0.00000	0.000000	714	0	718	77870
GCall_005273	0.13337	0.077257	0.00000	0.000000	712	0	722	78584
GCfix_011050	0.13318	0.077139	0.00000	0.000000	711	0	722	78608
GCfix_009466	0.13318	0.076850	0.00000	0.000000	711	0	714	77300
GCfix_005857	0.13318	0.076439	0.00000	0.000000	711	0	714	76784
GCfix_004976	0.13318	0.076754	0.00000	0.000000	711	0	718	77662
GCall_007113	0.13318	0.076700	0.00000	0.000000	711	0	718	77690
GCall_005204	0.13318	0.076682	0.00000	0.000000	711	0	714	77048
GCall_001433	0.13318	0.077072	0.00000	0.000000	711	0	714	77486
GCfix_009734	0.13300	0.076292	0.00000	0.000000	710	0	712	76560
GCfix_005371	0.13300	0.076579	0.00000	0.000000	710	0	714	77124
GCall_004208	0.13300	0.076798	0.00000	0.000000	710	0	716	77600
GCall_003916	0.13300	0.077490	0.00000	0.000000	710	0	718	78656
GCfix_000287	0.13281	0.076740	0.00000	0.000000	709	0	716	77558
GCfix_009153	0.13262	0.076903	0.00000	0.000000	708	0	718	78192
GCfix_001746	0.13262	0.076455	0.00000	0.000000	708	0	712	76912
GCall_001193	0.13262	0.076715	0.00000	0.000000	708	0	712	77258
GCfix_007286	0.13243	0.076098	0.00000	0.000000	707	0	718	77482
GCfix_000668	0.13243	0.076341	0.00000	0.000000	707	0	710	76760
GCall_006055	0.13243	0.076703	0.00000	0.000000	707	0	712	77418
GCall_002094	0.13243	0.076573	0.00000	0.000000	707	0	716	77858
GCfix_000352	0.13225	0.076069	0.00000	0.000000	706	0	710	76636
GCall_011861	0.13225	0.076147	0.00000	0.000000	706	0	712	76952
GCall_006853	0.13225	0.076508	0.00000	0.000000	706	0	714	77574
GCfix_003832	0.13206	0.076217	0.00000	0.000000	705	0	714	77394
GCall_011889	0.13206	0.076555	0.00000	0.000000	705	0	710	77240
GCall_011315	0.13206	0.076530	0.00000	0.000000	705	0	710	77214
GCfix_007957	0.13187	0.076340	0.00000	0.000000	704	0	712	77434
GCfix_001628	0.13187	0.076709	0.00000	0.000000	704	0	710	77510
GCfix_000590	0.13187	0.076091	0.00000	0.000000	704	0	712	77102
GCfix_011884	0.13168	0.075992	0.00000	0.000000	703	0	708	76562
GCfix_002677	0.13150	0.075946	0.00000	0.000000	702	0	706	76512
GCfix_007239	0.13131	0.075824	0.00000	0.000000	701	0	704	76174
GCall_008840	0.13131	0.076087	0.00000	0.000000	701	0	702	76208
GCall_003379	0.13131	0.075712	0.00000	0.000000	701	0	706	76430
GCall_006279	0.13112	0.075611	0.00000	0.000000	700	0	704	76104
GCall_007045	0.13094	0.075669	0.00000	0.000000	699	0	706	76564
GCfix_010422	0.13075	0.075524	0.00000	0.000000	698	0	702	76084
GCfix_009936	0.13056	0.075220	0.00000	0.000000	697	0	698	75336
GCfix_009792	0.13056	0.075268	0.00000	0.000000	697	0	700	75718
GCfix_006706	0.13056	0.075608	0.00000	0.000000	697	0	704	76556
GCall_005676	0.13056	0.075246	0.00000	0.000000	697	0	706	76378
GCall_009628	0.13037	0.075080	0.00000	0.000000	696	0	696	75080
GCall_005056	0.13037	0.075449	0.00000	0.000000	696	0	702	76266
GCfix_011225	0.13019	0.075284	0.00000	0.000000	695	0	700	75968
GCfix_005310	0.13019	0.075448	0.00000	0.000000	695	0	698	75864
GCall_011608	0.13019	0.075416	0.00000	0.000000	695	0	698	75836
GCall_004125	0.13019	0.075166	0.00000	0.000000	695	0	698	75546
GCall_000439	0.13019	0.074900	0.00000	0.000000	695	0	696	75050
GCfix_008668	0.13000	0.074980	0.00000	0.000000	694	0	698	75540
GCfix_004297	0.13000	0.074750	0.00000	0.000000	694	0	696	75018
GCfix_002105	0.13000	0.075466	0.00000	0.000000	694	0	698	76066
GCall_005210	0.13000	0.075206	0.00000	0.000000	694	0	700	76004
GCall_003487	0.13000	0.075372	0.00000	0.000000	694	0	702	76460
GCall_011924	0.12981	0.074978	0.00000	0.000000	693	0	694	75088
GCall_006830	0.12962	0.074666	0.00000	0.000000	692	0	694	74932
GCall_006039	0.12962	0.074814	0.00000	0.000000	692	0	694	75114
GCfix_004079	0.12944	0.074741	0.00000	0.000000	691	0	700	75944
GCall_010012	0.12944	0.074840	0.00000	0.000000	691	0	698	75822
GCall_009055	0.12944	0.074831	0.00000	0.000000	691	0	698	75798
GCall_011713	0.12925	0.074925	0.00000	0.000000	690	0	696	75758
GCall_003424	0.12925	0.074563	0.00000	0.000000	690	0	694	75096
GCall_003213	0.12925	0.074592	0.00000	0.000000	690	0	694	75096
GCfix_004719	0.12888	0.074148	0.00000	0.000000	688	0	688	74148
GCall_004037	0.12888	0.074183	0.00000	0.000000	688	0	690	74452
GCall_004840	0.12850	0.074580	0.00000	0.000000	686	0	697	76188
GCall_001919	0.12850	0.074432	0.00000	0.000000	686	0	692	75236
GCfix_007621	0.12831	0.073986	0.00000	0.000000	685	0	688	74402
GCfix_007545	0.12813	0.074375	0.00000	0.000000	684	0	692	75470
GCall_007067	0.12813	0.074052	0.00000	0.000000	684	0	688	74620
GCall_001493	0.12813	0.073767	0.00000	0.000000	684	0	686	74034
GCall_005327	0.12775	0.073519	0.00000	0.000000	682	0	686	74050
GCall_002279	0.12775	0.073703	0.00000	0.000000	682	0	686	74270
GCfix_007755	0.12756	0.073823	0.00000	0.000000	681	0	684	74240
GCfix_008218	0.12719	0.073349	0.00000	0.000000	679	0	686	74266
GCfix_004183	0.12719	0.073497	0.00000	0.000000	679	0	682	73916
GCfix_002652	0.12719	0.073096	0.00000	0.000000	679	0	680	73246
GCfix_001881	0.12719	0.073574	0.00000	0.000000	679	0	682	74024
GCfix_001195	0.12719	0.073026	0.00000	0.000000	679	0	680	73176
GCfix_004762	0.12700	0.073392	0.00000	0.000000	678	0	684	74160
GCfix_003433	0.12700	0.073235	0.00000	0.000000	678	0	684	73966
GCfix_002681	0.12700	0.073166	0.00000	0.000000	678	0	680	73432
GCall_009244	0.12700	0.073460	0.00000	0.000000	678	0	680	73760
GCfix_007042	0.12681	0.073174	0.00000	0.000000	677	0	678	73324
GCall_008380	0.12681	0.073095	0.00000	0.000000	677	0	678	73204
GCfix_004146	0.12663	0.073182	0.00000	0.000000	676	0	678	73450
GCall_007497	0.12663	0.073134	0.00000	0.000000	676	0	682	73998
GCall_006477	0.12663	0.073420	0.00000	0.000000	676	0	684	74526
GCall_003996	0.12663	0.072893	0.00000	0.000000	676	0	684	73996
GCall_002405	0.12663	0.073434	0.00000	0.000000	676	0	678	73660
GCall_000021	0.12663	0.073555	0.00000	0.000000	676	0	682	74382
GCall_004726	0.12644	0.072944	0.00000	0.000000	675	0	676	73062
GCall_000173	0.12644	0.073209	0.00000	0.000000	675	0	680	73848
GCfix_001380	0.12625	0.073008	0.00000	0.000000	674	0	676	73308
GCfix_006033	0.12607	0.072649	0.00000	0.000000	673	0	678	73242
GCfix_001855	0.12607	0.072736	0.00000	0.000000	673	0	680	73786
GCfix_001298	0.12588	0.072674	0.00000	0.000000	672	0	676	73232
GCfix_009277	0.12569	0.071965	0.00000	0.000000	671	0	674	72374
GCfix_007895	0.12550	0.072641	0.00000	0.000000	670	0	676	73470
GCfix_002058	0.12550	0.072357	0.00000	0.000000	670	0	680	73588
GCall_004085	0.12550	0.072174	0.00000	0.000000	670	0	670	72174
GCall_003345	0.12550	0.072413	0.00000	0.000000	670	0	672	72682
GCfix_008370	0.12532	0.072282	0.00000	0.000000	669	0	670	72394
GCfix_000633	0.12532	0.072432	0.00000	0.000000	669	0	674	73112
GCfix_009292	0.12513	0.072054	0.00000	0.000000	668	0	674	72882
GCall_003805	0.12513	0.072038	0.00000	0.000000	668	0	674	72806
GCfix_002595	0.12494	0.072446	0.00000	0.000000	667	0	676	73796
GCall_003891	0.12494	0.072141	0.00000	0.000000	667	0	674	73092
GCfix_009899	0.12475	0.071816	0.00000	0.000000	666	0	666	71816
GCfix_003152	0.12475	0.072060	0.00000	0.000000	666	0	666	72060
GCall_004601	0.12475	0.072182	0.00000	0.000000	666	0	670	72714
GCfix_005653	0.12457	0.072342	0.00000	0.000000	665	0	672	73296
GCall_002328	0.12457	0.071639	0.00000	0.000000	665	0	668	71984
GCall_009919	0.12438	0.071863	0.00000	0.000000	664	0	670	72628
GCall_003574	0.12438	0.071838	0.00000	0.000000	664	0	666	72096
GCfix_000122	0.12419	0.071628	0.00000	0.000000	663	0	668	72282
GCfix_004611	0.12400	0.071984	0.00000	0.000000	662	0	668	72802
GCall_010777	0.12363	0.071262	0.00000	0.000000	660	0	664	71862
GCall_008336	0.12363	0.071118	0.00000	0.000000	660	0	660	71118
GCfix_010314	0.12344	0.071440	0.00000	0.000000	659	0	662	71848
GCall_008368	0.12344	0.070737	0.00000	0.000000	659	0	664	71410
GCall_002013	0.12269	0.070448	0.00000	0.000000	655	0	656	70598
GCfix_011247	0.12251	0.070188	0.00000	0.000000	654	0	654	70188
GCfix_006392	0.12251	0.071110	0.00000	0.000000	654	0	658	71638
GCall_002161	0.12251	0.070573	0.00000	0.000000	654	0	660	71364
GCfix_010500	0.12232	0.070520	0.00000	0.000000	653	0	656	70880
GCfix_009000	0.12232	0.070899	0.00000	0.000000	653	0	658	71582
GCfix_000458	0.12232	0.070735	0.00000	0.000000	653	0	656	71120
GCall_000331	0.12232	0.070553	0.00000	0.000000	653	0	660	71564
GCfix_001586	0.12213	0.070594	0.00000	0.000000	652	0	656	71052
GCall_011899	0.12213	0.070563	0.00000	0.000000	652	0	656	71098
GCall_007688	0.12213	0.070450	0.00000	0.000000	652	0	656	70978
GCall_010387	0.12194	0.070248	0.00000	0.000000	651	0	658	71132
GCall_010069	0.12176	0.069987	0.00000	0.000000	650	0	656	70810
GCall_004776	0.12176	0.070076	0.00000	0.000000	650	0	650	70076
GCfix_011715	0.12157	0.070184	0.00000	0.000000	649	0	650	70334
GCfix_010331	0.12157	0.070233	0.00000	0.000000	649	0	654	70868
GCall_010815	0.12157	0.069883	0.00000	0.000000	649	0	652	70268
GCfix_010475	0.12138	0.070100	0.00000	0.000000	648	0	656	71130
GCall_009881	0.12138	0.069959	0.00000	0.000000	648	0	652	70452
GCfix_005505	0.12120	0.069667	0.00000	0.000000	647	0	650	70084
GCall_001390	0.12120	0.070402	0.00000	0.000000	647	0	650	70818
GCfix_011891	0.12101	0.069570	0.00000	0.000000	646	0	648	69870
GCfix_011770	0.12101	0.070096	0.00000	0.000000	646	0	648	70396
GCfix_010025	0.12101	0.069664	0.00000	0.000000	646	0	652	70458
GCfix_007959	0.12101	0.069721	0.00000	0.000000	646	0	654	70752
GCfix_007942	0.12101	0.070009	0.00000	0.000000	646	0	650	70582
GCall_011248	0.12101	0.069695	0.00000	0.000000	646	0	650	70230
GCall_007207	0.12101	0.070017	0.00000	0.000000	646	0	650	70554
GCfix_001594	0.12082	0.069816	0.00000	0.000000	645	0	650	70422
GCall_009878	0.12082	0.069588	0.00000	0.000000	645	0	648	69972
GCfix_007429	0.12063	0.069697	0.00000	0.000000	644	0	646	69964
GCfix_001825	0.12063	0.069626	0.00000	0.000000	644	0	646	69844
GCall_003354	0.12045	0.069669	0.00000	0.000000	643	0	646	70030
GCfix_008718	0.12026	0.069424	0.00000	0.000000	642	0	646	69916
GCfix_011878	0.11988	0.069380	0.00000	0.000000	640	0	644	69906
GCall_000208	0.11988	0.069444	0.00000	0.000000	640	0	646	70268
GCfix_001904	0.11970	0.069158	0.00000	0.000000	639	0	642	69608
GCfix_006001	0.11951	0.068840	0.00000	0.000000	638	0	642	69366
GCfix_002668	0.11951	0.069131	0.00000	0.000000	638	0	646	70178
GCfix_001552	0.11951	0.069213	0.00000	0.000000	638	0	644	70038
GCfix_010714	0.11932	0.068948	0.00000	0.000000	637	0	642	69586
GCfix_003910	0.11932	0.068956	0.00000	0.000000	637	0	642	69632
GCfix_001630	0.11932	0.068795	0.00000	0.000000	637	0	642	69512
GCall_008719	0.11932	0.069028	0.00000	0.000000	637	0	640	69372
GCall_004377	0.11932	0.068517	0.00000	0.000000	637	0	640	68856
GCall_010726	0.11913	0.068160	0.00000	0.000000	636	0	640	68728
GCfix_001681	0.11895	0.068752	0.00000	0.000000	635	0	636	68902
GCfix_009378	0.11876	0.068448	0.00000	0.000000	634	0	636	68710
GCfix_007034	0.11876	0.068684	0.00000	0.000000	634	0	634	68684
GCall_010527	0.11876	0.068624	0.00000	0.000000	634	0	638	69186
GCfix_003501	0.11857	0.068161	0.00000	0.000000	633	0	634	68274
GCall_003903	0.11857	0.068284	0.00000	0.000000	633	0	634	68434
GCfix_008379	0.11839	0.068344	0.00000	0.000000	632	0	636	68868
GCfix_006517	0.11839	0.068284	0.00000	0.000000	632	0	640	69216
GCfix_004076	0.11839	0.068226	0.00000	0.000000	632	0	634	68448
GCfix_003459	0.11839	0.068424	0.00000	0.000000	632	0	634	68684
GCall_006257	0.11839	0.068224	0.00000	0.000000	632	0	636	68744
GCfix_005473	0.11820	0.068365	0.00000	0.000000	631	0	638	69312
GCall_011936	0.11820	0.068263	0.00000	0.000000	631	0	638	69252
GCall_008607	0.11820	0.068362	0.00000	0.000000	631	0	634	68812
GCfix_007936	0.11801	0.068146	0.00000	0.000000	630	0	638	69166
GCall_003089	0.11801	0.067970	0.00000	0.000000	630	0	630	67970
GCfix_007047	0.11782	0.068118	0.00000	0.000000	629	0	632	68526
GCfix_006854	0.11782	0.068368	0.00000	0.000000	629	0	636	69382
GCfix_004724	0.11782	0.068035	0.00000	0.000000	629	0	636	68988
GCall_006897	0.11782	0.068096	0.00000	0.000000	629	0	632	68512
GCfix_004364	0.11764	0.067634	0.00000	0.000000	628	0	630	67934
GCfix_003377	0.11764	0.068024	0.00000	0.000000	628	0	630	68324
GCfix_006035	0.11745	0.067955	0.00000	0.000000	627	0	630	68372
GCall_007142	0.11745	0.068064	0.00000	0.000000	627	0	632	68780
GCall_004876	0.11745	0.067954	0.00000	0.000000	627	0	630	68364
GCall_004442	0.11745	0.067894	0.00000	0.000000	627	0	634	68784
GCfix_008380	0.11726	0.067616	0.00000	0.000000	626	0	630	68180
GCall_005303	0.11726	0.067544	0.00000	0.000000	626	0	632	68336
GCall_002336	0.11726	0.067839	0.00000	0.000000	626	0	632	68704
GCall_008165	0.11707	0.067559	0.00000	0.000000	625	0	630	68188
GCall_003473	0.11707	0.067615	0.00000	0.000000	625	0	630	68250
GCall_010100	0.11689	0.067232	0.00000	0.000000	624	0	624	67232
GCall_000608	0.11689	0.067810	0.00000	0.000000	624	0	632	68938
GCfix_002612	0.11670	0.066778	0.00000	0.000000	623	0	628	67372
GCfix_001010	0.11670	0.067445	0.00000	0.000000	623	0	626	67830
GCfix_000833	0.11670	0.067374	0.00000	0.000000	623	0	632	68616
GCfix_000661	0.11670	0.067207	0.00000	0.000000	623	0	626	67602
GCall_010192	0.11670	0.067604	0.00000	0.000000	623	0	628	68312
GCfix_011395	0.11651	0.067245	0.00000	0.000000	622	0	626	67780
GCfix_008538	0.11651	0.067502	0.00000	0.000000	622	0	626	68028
GCfix_007482	0.11651	0.067432	0.00000	0.000000	622	0	628	68188
GCall_011452	0.11651	0.067014	0.00000	0.000000	622	0	622	67014
GCall_006957	0.11651	0.067519	0.00000	0.000000	622	0	628	68280
GCfix_007382	0.11632	0.067354	0.00000	0.000000	621	0	624	67696
GCfix_002088	0.11614	0.067208	0.00000	0.000000	620	0	624	67678
GCall_011201	0.11614	0.067035	0.00000	0.000000	620	0	624	67562
GCall_008650	0.11614	0.067480	0.00000	0.000000	620	0	624	68080
GCall_005924	0.11614	0.066920	0.00000	0.000000	620	0	620	66920
GCfix_010239	0.11595	0.066906	0.00000	0.000000	619	0	622	67356
GCfix_008067	0.11595	0.067212	0.00000	0.000000	619	0	624	67858
GCfix_003779	0.11595	0.066572	0.00000	0.000000	619	0	620	66692
GCfix_002881	0.11576	0.066772	0.00000	0.000000	618	0	620	67072
GCfix_007692	0.11520	0.066473	0.00000	0.000000	615	0	622	67306
GCfix_004562	0.11520	0.066318	0.00000	0.000000	615	0	618	66696
GCall_002196	0.11520	0.066393	0.00000	0.000000	615	0	622	67304
GCfix_010820	0.11501	0.066527	0.00000	0.000000	614	0	618	66976
GCall_009627	0.11483	0.066246	0.00000	0.000000	613	0	620	67158
GCall_000610	0.11483	0.066405	0.00000	0.000000	613	0	618	67090
GCall_000369	0.11483	0.066338	0.00000	0.000000	613	0	616	66746
GCfix_009494	0.11464	0.065968	0.00000	0.000000	612	0	616	66446
GCfix_004038	0.11445	0.065762	0.00000	0.000000	611	0	614	66118
GCall_000303	0.11445	0.065933	0.00000	0.000000	611	0	614	66318
GCfix_008132	0.11426	0.065917	0.00000	0.000000	610	0	616	66674
GCfix_005829	0.11408	0.065716	0.00000	0.000000	609	0	614	66432
GCall_010329	0.11408	0.065854	0.00000	0.000000	609	0	612	66228
GCall_009688	0.11389	0.066003	0.00000	0.000000	608	0	612	66494
GCfix_003192	0.11370	0.065626	0.00000	0.000000	607	0	610	65970
GCfix_006950	0.11352	0.065591	0.00000	0.000000	606	0	610	66122
GCfix_002975	0.11352	0.065434	0.00000	0.000000	606	0	614	66514
GCfix_001936	0.11352	0.065125	0.00000	0.000000	606	0	608	65316
GCall_003083	0.11352	0.065520	0.00000	0.000000	606	0	608	65786
GCall_009068	0.11314	0.065737	0.00000	0.000000	604	0	608	66262
GCall_007257	0.11314	0.065415	0.00000	0.000000	604	0	610	66216
GCall_009948	0.11295	0.065133	0.00000	0.000000	603	0	610	65980
GCall_007232	0.11295	0.065159	0.00000	0.000000	603	0	608	65758
GCall_006565	0.11277	0.065384	0.00000	0.000000	602	0	608	66250
GCall_005933	0.11258	0.064918	0.00000	0.000000	601	0	606	65668
GCall_003551	0.11258	0.065384	0.00000	0.000000	601	0	604	65834
GCfix_008258	0.11220	0.064816	0.00000	0.000000	599	0	604	65498
GCfix_006020	0.11220	0.064811	0.00000	0.000000	599	0	602	65188
GCfix_003579	0.11220	0.064825	0.00000	0.000000	599	0	602	65242
GCall_006349	0.11220	0.065010	0.00000	0.000000	599	0	604	65700
GCall_001164	0.11220	0.064492	0.00000	0.000000	599	0	602	64908
GCall_006461	0.11202	0.064603	0.00000	0.000000	598	0	600	64828
GCfix_009390	0.11183	0.064646	0.00000	0.000000	597	0	604	65614
GCfix_006749	0.11183	0.064310	0.00000	0.000000	597	0	598	64460
GCfix_002543	0.11164	0.064310	0.00000	0.000000	596	0	598	64568
GCall_011186	0.11164	0.064639	0.00000	0.000000	596	0	600	65208
GCfix_009534	0.11145	0.064616	0.00000	0.000000	595	0	596	64766
GCfix_002122	0.11145	0.064279	0.00000	0.000000	595	0	600	64998
GCall_011702	0.11145	0.064319	0.00000	0.000000	595	0	600	65044
GCfix_009017	0.11127	0.064266	0.00000	0.000000	594	0	596	64566
GCall_008358	0.11127	0.063897	0.00000	0.000000	594	0	598	64464
GCall_011282	0.11108	0.064164	0.00000	0.000000	593	0	596	64580
GCall_008351	0.11108	0.064092	0.00000	0.000000	593	0	594	64242
GCall_006718	0.11108	0.063604	0.00000	0.000000	593	0	594	63754
GCall_003813	0.11108	0.063949	0.00000	0.000000	593	0	598	64596
GCall_000414	0.11108	0.064268	0.00000	0.000000	593	0	600	65208
GCfix_008205	0.11089	0.064059	0.00000	0.000000	592	0	594	64286
GCall_001978	0.11089	0.063670	0.00000	0.000000	592	0	592	63670
GCall_006949	0.11052	0.063805	0.00000	0.000000	590	0	592	64034
GCall_009169	0.11014	0.063496	0.00000	0.000000	588	0	594	64240
GCall_008236	0.11014	0.063626	0.00000	0.000000	588	0	590	63926
GCall_001203	0.11014	0.063857	0.00000	0.000000	588	0	594	64628
GCfix_010586	0.10996	0.063504	0.00000	0.000000	587	0	600	65246
GCfix_005179	0.10996	0.063358	0.00000	0.000000	587	0	588	63508
GCall_001056	0.10996	0.063396	0.00000	0.000000	587	0	590	63774
GCfix_005481	0.10977	0.063475	0.00000	0.000000	586	0	592	64228
GCall_010616	0.10977	0.063338	0.00000	0.000000	586	0	596	64632
GCall_005051	0.10977	0.062967	0.00000	0.000000	586	0	592	63794
GCfix_009938	0.10958	0.063176	0.00000	0.000000	585	0	588	63626
GCfix_011817	0.10902	0.062852	0.00000	0.000000	582	0	582	62852
GCfix_002479	0.10902	0.062788	0.00000	0.000000	582	0	584	63046
GCfix_006184	0.10883	0.062652	0.00000	0.000000	581	0	582	62770
GCfix_000077	0.10883	0.062694	0.00000	0.000000	581	0	584	63110
GCall_009088	0.10883	0.062526	0.00000	0.000000	581	0	584	62876
GCall_002135	0.10883	0.062947	0.00000	0.000000	581	0	586	63626
GCfix_004351	0.10864	0.062898	0.00000	0.000000	580	0	584	63422
GCall_010923	0.10864	0.062936	0.00000	0.000000	580	0	586	63768
GCall_001903	0.10864	0.062837	0.00000	0.000000	580	0	582	63112
GCall_003795	0.10846	0.062540	0.00000	0.000000	579	0	580	62690
GCall_007752	0.10827	0.062306	0.00000	0.000000	578	0	580	62566
GCfix_007304	0.10808	0.062438	0.00000	0.000000	577	0	580	62824
GCall_000634	0.10808	0.062381	0.00000	0.000000	577	0	580	62764
GCfix_005155	0.10790	0.062124	0.00000	0.000000	576	0	578	62390
GCall_000366	0.10790	0.062559	0.00000	0.000000	576	0	580	63086
GCall_008616	0.10771	0.062016	0.00000	0.000000	575	0	578	62352
GCall_007808	0.10771	0.062236	0.00000	0.000000	575	0	576	62348
GCfix_008415	0.10752	0.061980	0.00000	0.000000	574	0	574	61980
GCfix_004354	0.10752	0.062154	0.00000	0.000000	574	0	578	62642
GCall_003919	0.10752	0.062120	0.00000	0.000000	574	0	578	62686
GCfix_004814	0.10715	0.061931	0.00000	0.000000	572	0	578	62764
GCall_010677	0.10696	0.061573	0.00000	0.000000	571	0	576	62260
GCfix_001675	0.10677	0.061927	0.00000	0.000000	570	0	578	63020
GCall_011934	0.10658	0.061428	0.00000	0.000000	569	0	572	61804
GCfix_006841	0.10640	0.061470	0.00000	0.000000	568	0	574	62226
GCall_007709	0.10640	0.061489	0.00000	0.000000	568	0	572	61982
GCall_002517	0.10640	0.061427	0.00000	0.000000	568	0	572	61914
GCfix_005031	0.10621	0.061260	0.00000	0.000000	567	0	570	61644
GCfix_000485	0.10621	0.061370	0.00000	0.000000	567	0	570	61780
GCall_010368	0.10621	0.061321	0.00000	0.000000	567	0	570	61730
GCall_010081	0.10621	0.061110	0.00000	0.000000	567	0	568	61260
GCall_002470	0.10621	0.060883	0.00000	0.000000	567	0	572	61478
GCfix_002954	0.10583	0.061227	0.00000	0.000000	565	0	570	61944
GCall_009905	0.10565	0.060784	0.00000	0.000000	564	0	566	61002
GCall_007076	0.10565	0.060945	0.00000	0.000000	564	0	568	61430
GCall_003922	0.10565	0.061094	0.00000	0.000000	564	0	566	61362
GCfix_002715	0.10546	0.061378	0.00000	0.000000	563	0	570	62428
GCfix_007757	0.10527	0.061204	0.00000	0.000000	562	0	572	62594
GCfix_007615	0.10527	0.060926	0.00000	0.000000	562	0	570	61888
GCall_007880	0.10527	0.061495	0.00000	0.000000	562	0	574	63146
GCfix_009109	0.10509	0.060618	0.00000	0.000000	561	0	566	61286
GCall_011298	0.10509	0.060729	0.00000	0.000000	561	0	562	60846
GCall_010153	0.10490	0.060592	0.00000	0.000000	560	0	570	61986
GCall_000011	0.10471	0.060338	0.00000	0.000000	559	0	562	60748
GCfix_005678	0.10415	0.059735	0.00000	0.000000	556	0	558	59968
GCall_008285	0.10415	0.059814	0.00000	0.000000	556	0	560	60336
GCfix_000939	0.10396	0.060070	0.00000	0.000000	555	0	558	60484
GCall_011744	0.10359	0.059818	0.00000	0.000000	553	0	558	60440
GCall_003527	0.10359	0.059576	0.00000	0.000000	553	0	554	59726
GCall_009466	0.10340	0.059626	0.00000	0.000000	552	0	554	59894
GCall_009888	0.10303	0.059878	0.00000	0.000000	550	0	554	60402
GCall_004014	0.10303	0.058856	0.00000	0.000000	550	0	552	59090
GCall_003620	0.10303	0.059568	0.00000	0.000000	550	0	558	60554
GCfix_005996	0.10284	0.059448	0.00000	0.000000	549	0	552	59752
GCall_005804	0.10284	0.059474	0.00000	0.000000	549	0	552	59924
GCall_001445	0.10284	0.059936	0.00000	0.000000	549	0	556	60918
GCfix_005618	0.10246	0.059237	0.00000	0.000000	547	0	552	59842
GCall_009612	0.10246	0.059175	0.00000	0.000000	547	0	552	59746
GCall_001865	0.10246	0.059130	0.00000	0.000000	547	0	550	59480
GCfix_002838	0.10228	0.058909	0.00000	0.000000	546	0	548	59136
GCfix_000328	0.10209	0.057848	0.00000	0.000000	545	0	546	57958
GCfix_008531	0.10190	0.059084	0.00000	0.000000	544	0	550	59944
GCall_009745	0.10190	0.059073	0.00000	0.000000	544	0	550	59876
GCfix_006775	0.10171	0.058828	0.00000	0.000000	543	0	546	59278
GCfix_005198	0.10171	0.058752	0.00000	0.000000	543	0	546	59170
GCfix_008792	0.10153	0.058571	0.00000	0.000000	542	0	548	59304
GCfix_002051	0.10134	0.058984	0.00000	0.000000	541	0	544	59334
GCfix_001349	0.10134	0.058219	0.00000	0.000000	541	0	546	58812
GCfix_005219	0.10115	0.058466	0.00000	0.000000	540	0	540	58466
GCall_009760	0.10115	0.058483	0.00000	0.000000	540	0	542	58758
GCall_008522	0.10115	0.058406	0.00000	0.000000	540	0	540	58406
GCfix_009980	0.10096	0.058452	0.00000	0.000000	539	0	542	58836
GCfix_006164	0.10096	0.058288	0.00000	0.000000	539	0	544	58940
GCall_010217	0.10096	0.058576	0.00000	0.000000	539	0	542	59026
GCfix_000310	0.10078	0.058118	0.00000	0.000000	538	0	542	58650
GCall_011555	0.10059	0.058006	0.00000	0.000000	537	0	542	58724
GCfix_006046	0.10040	0.057827	0.00000	0.000000	536	0	540	58318
GCall_004213	0.10040	0.057723	0.00000	0.000000	536	0	540	58222
GCall_000900	0.10040	0.058353	0.00000	0.000000	536	0	542	59076
GCfix_009804	0.10003	0.057923	0.00000	0.000000	534	0	536	58188
GCfix_006179	0.10003	0.057918	0.00000	0.000000	534	0	542	58956
GCfix_003573	0.10003	0.057943	0.00000	0.000000	534	0	540	58726
GCall_008397	0.10003	0.058002	0.00000	0.000000	534	0	536	58302
GCall_001646	0.09984	0.057614	0.00000	0.000000	533	0	536	58024
GCfix_009836	0.09965	0.057646	0.00000	0.000000	532	0	534	57946
GCfix_003389	0.09965	0.057445	0.00000	0.000000	532	0	536	57978
GCall_008965	0.09965	0.057651	0.00000	0.000000	532	0	542	58958
GCall_007245	0.09965	0.057472	0.00000	0.000000	532	0	532	57472
GCfix_009840	0.09928	0.057494	0.00000	0.000000	530	0	534	58094
GCfix_006246	0.09928	0.057315	0.00000	0.000000	530	0	534	57774
GCall_009985	0.09928	0.057488	0.00000	0.000000	530	0	536	58294
GCall_006488	0.09928	0.057096	0.00000	0.000000	530	0	534	57658
GCfix_008946	0.09909	0.057712	0.00000	0.000000	529	0	534	58462
GCall_010215	0.09909	0.057650	0.00000	0.000000	529	0	534	58296
GCfix_007861	0.09890	0.057232	0.00000	0.000000	528	0	530	57492
GCfix_000543	0.09890	0.057258	0.00000	0.000000	528	0	530	57526
GCall_011851	0.09890	0.056952	0.00000	0.000000	528	0	530	57218
GCfix_006194	0.09853	0.057015	0.00000	0.000000	526	0	530	57504
GCall_005302	0.09797	0.056589	0.00000	0.000000	523	0	532	57690
GCfix_002692	0.09741	0.056235	0.00000	0.000000	520	0	524	56768
GCall_001778	0.09741	0.057014	0.00000	0.000000	520	0	522	57314
GCall_001837	0.09722	0.056219	0.00000	0.000000	519	0	522	56562
GCfix_007435	0.09684	0.055982	0.00000	0.000000	517	0	524	56970
GCall_008644	0.09684	0.055823	0.00000	0.000000	517	0	520	56200
GCall_002038	0.09684	0.056010	0.00000	0.000000	517	0	520	56420
GCfix_011289	0.09666	0.055786	0.00000	0.000000	516	0	518	56046
GCfix_010822	0.09666	0.055703	0.00000	0.000000	516	0	520	56228
GCfix_001921	0.09647	0.055497	0.00000	0.000000	515	0	518	55848
GCall_011701	0.09647	0.055713	0.00000	0.000000	515	0	518	56090
GCfix_010919	0.09628	0.055723	0.00000	0.000000	514	0	516	55952
GCfix_007930	0.09628	0.055568	0.00000	0.000000	514	0	516	55836
GCfix_005295	0.09628	0.055740	0.00000	0.000000	514	0	518	56274
GCall_007354	0.09609	0.055706	0.00000	0.000000	513	0	518	56424
GCfix_009230	0.09591	0.055347	0.00000	0.000000	512	0	516	55876
GCfix_005163	0.09591	0.055285	0.00000	0.000000	512	0	516	55776
GCfix_001606	0.09572	0.055276	0.00000	0.000000	511	0	512	55426
GCall_010980	0.09460	0.054796	0.00000	0.000000	505	0	506	54904
GCall_004494	0.09385	0.054202	0.00000	0.000000	501	0	502	54320
GCfix_001888	0.09366	0.054054	0.00000	0.000000	500	0	502	54354
GCfix_001049	0.09366	0.053823	0.00000	0.000000	500	0	504	54352
GCall_003628	0.09347	0.053954	0.00000	0.000000	499	0	502	54404
GCfix_006872	0.09291	0.053597	0.00000	0.000000	496	0	498	53862
GCfix_006748	0.09291	0.053590	0.00000	0.000000	496	0	498	53860
GCall_001761	0.09291	0.053607	0.00000	0.000000	496	0	498	53874
GCfix_009774	0.09272	0.053756	0.00000	0.000000	495	0	500	54400
GCfix_000494	0.09272	0.053532	0.00000	0.000000	495	0	498	53982
GCfix_009409	0.09254	0.053672	0.00000	0.000000	494	0	496	53972
GCall_000024	0.09254	0.053396	0.00000	0.000000	494	0	496	53696
GCall_005495	0.09235	0.053702	0.00000	0.000000	493	0	498	54388
GCfix_008339	0.09179	0.052954	0.00000	0.000000	490	0	494	53488
GCall_002015	0.09179	0.053070	0.00000	0.000000	490	0	494	53670
GCfix_007512	0.09141	0.052512	0.00000	0.000000	488	0	490	52772
GCall_010694	0.09141	0.052877	0.00000	0.000000	488	0	492	53414
GCfix_001423	0.09066	0.052298	0.00000	0.000000	484	0	488	52832
GCall_009033	0.09029	0.052278	0.00000	0.000000	482	0	482	52278
GCall_001080	0.08973	0.051752	0.00000	0.000000	479	0	486	52620
GCfix_007100	0.08954	0.051800	0.00000	0.000000	478	0	482	52400
GCall_005173	0.08954	0.051674	0.00000	0.000000	478	0	480	51906
GCfix_009682	0.08916	0.051507	0.00000	0.000000	476	0	478	51774
GCall_007967	0.08898	0.051568	0.00000	0.000000	475	0	480	52172
GCfix_006793	0.08879	0.051085	0.00000	0.000000	474	0	476	51312
GCall_008713	0.08860	0.051355	0.00000	0.000000	473	0	478	52034
GCfix_008161	0.08841	0.051135	0.00000	0.000000	472	0	474	51370
GCall_007316	0.08841	0.051018	0.00000	0.000000	472	0	478	51820
GCfix_011522	0.08823	0.050965	0.00000	0.000000	471	0	474	51312
GCall_000918	0.08785	0.050942	0.00000	0.000000	469	0	474	51654
GCfix_000986	0.08710	0.049974	0.00000	0.000000	465	0	466	50124
GCall_003881	0.08635	0.049880	0.00000	0.000000	461	0	464	50220
GCfix_009764	0.08579	0.049362	0.00000	0.000000	458	0	460	49628
GCfix_008283	0.08579	0.050512	0.00000	0.000000	458	0	462	51112
GCfix_007548	0.08560	0.049416	0.00000	0.000000	457	0	462	50090
GCall_011761	0.08542	0.049203	0.00000	0.000000	456	0	460	49704
GCfix_006125	0.08504	0.049158	0.00000	0.000000	454	0	456	49458
GCall_007574	0.08448	0.048866	0.00000	0.000000	451	0	456	49500
GCall_001613	0.08448	0.048999	0.00000	0.000000	451	0	456	49716
GCfix_008095	0.08411	0.048692	0.00000	0.000000	449	0	450	48842
GCall_005098	0.08411	0.049122	0.00000	0.000000	449	0	454	49872
GCfix_003174	0.08373	0.048468	0.00000	0.000000	447	0	452	49048
GCall_009976	0.08373	0.048374	0.00000	0.000000	447	0	450	48824
GCfix_004977	0.08336	0.048197	0.00000	0.000000	445	0	448	48582
GCall_008705	0.08298	0.047882	0.00000	0.000000	443	0	450	48736
GCall_006580	0.08261	0.047670	0.00000	0.000000	441	0	444	48022
GCall_008298	0.08242	0.047417	0.00000	0.000000	440	0	444	47912
GCall_010756	0.08205	0.047388	0.00000	0.000000	438	0	444	48182
GCfix_004684	0.08130	0.046979	0.00000	0.000000	434	0	440	47702
GCfix_001301	0.08130	0.047023	0.00000	0.000000	434	0	436	47282
GCfix_009530	0.08073	0.046560	0.00000	0.000000	431	0	434	46974
GCall_004934	0.08036	0.046419	0.00000	0.000000	429	0	432	46834
GCall_005171	0.07924	0.045712	0.00000	0.000000	423	0	424	45862
GCall_003537	0.07886	0.045514	0.00000	0.000000	421	0	424	45898
GCfix_008239	0.07867	0.045202	0.00000	0.000000	420	0	422	45470
GCall_005365	0.07867	0.045588	0.00000	0.000000	420	0	420	45588
GCall_006666	0.07830	0.045146	0.00000	0.000000	418	0	420	45446
GCall_004607	0.07699	0.044304	0.00000	0.000000	411	0	412	44422
GCall_011148	0.07680	0.044446	0.00000	0.000000	410	0	418	45506
GCall_008869	0.07680	0.044525	0.00000	0.000000	410	0	412	44788
GCfix_010122	0.07643	0.044096	0.00000	0.000000	408	0	414	44794
GCfix_002516	0.07643	0.044054	0.00000	0.000000	408	0	412	44514
GCfix_008612	0.07568	0.043784	0.00000	0.000000	404	0	406	44084
GCall_001972	0.07568	0.043685	0.00000	0.000000	404	0	408	44184
GCall_003530	0.07493	0.043296	0.00000	0.000000	400	0	402	43564
GCfix_005658	0.07474	0.043367	0.00000	0.000000	399	0	402	43782
GCall_005623	0.07474	0.042972	0.00000	0.000000	399	0	402	43386
GCfix_001331	0.07455	0.043091	0.00000	0.000000	398	0	404	43894
GCall_003168	0.07455	0.043113	0.00000	0.000000	398	0	400	43390
GCall_011691	0.07399	0.042526	0.00000	0.000000	395	0	398	42860
GCfix_002416	0.07380	0.042252	0.00000	0.000000	394	0	396	42552
GCfix_006691	0.07362	0.042166	0.00000	0.000000	393	0	396	42580
GCfix_000982	0.07362	0.042354	0.00000	0.000000	393	0	396	42762
GCfix_003977	0.07343	0.042389	0.00000	0.000000	392	0	394	42656
GCfix_006716	0.07324	0.041942	0.00000	0.000000	391	0	394	42392
GCall_008864	0.07287	0.042171	0.00000	0.000000	389	0	398	43298
GCall_004556	0.07287	0.042089	0.00000	0.000000	389	0	390	42204
GCall_000907	0.07268	0.041788	0.00000	0.000000	388	0	390	42020
GCall_008239	0.07249	0.041824	0.00000	0.000000	387	0	390	42274
GCall_011209	0.07230	0.041989	0.00000	0.000000	386	0	390	42512
GCfix_007922	0.07212	0.041618	0.00000	0.000000	385	0	386	41768
GCfix_011680	0.07193	0.041613	0.00000	0.000000	384	0	390	42332
GCfix_009808	0.07193	0.041470	0.00000	0.000000	384	0	386	41770
GCfix_002651	0.07193	0.041608	0.00000	0.000000	384	0	388	42168
GCall_002020	0.07137	0.041046	0.00000	0.000000	381	0	382	41196
GCall_000946	0.07137	0.041341	0.00000	0.000000	381	0	384	41760
GCall_002169	0.07099	0.041071	0.00000	0.000000	379	0	380	41198
GCfix_003447	0.07081	0.040846	0.00000	0.000000	378	0	380	41146
GCall_009907	0.07081	0.040717	0.00000	0.000000	378	0	384	41488
GCfix_011381	0.07024	0.040536	0.00000	0.000000	375	0	376	40646
GCfix_009922	0.07024	0.040689	0.00000	0.000000	375	0	380	41368
GCfix_002254	0.07024	0.040583	0.00000	0.000000	375	0	378	40996
GCall_003265	0.07024	0.040504	0.00000	0.000000	375	0	376	40614
GCall_000166	0.07006	0.040423	0.00000	0.000000	374	0	378	40916
GCfix_008175	0.06987	0.040274	0.00000	0.000000	373	0	376	40646
GCall_011139	0.06950	0.040192	0.00000	0.000000	371	0	374	40610
GCall_010929	0.06931	0.039922	0.00000	0.000000	370	0	370	39922
GCfix_003478	0.06856	0.039400	0.00000	0.000000	366	0	368	39660
GCall_000727	0.06837	0.039472	0.00000	0.000000	365	0	366	39622
GCall_006946	0.06818	0.039456	0.00000	0.000000	364	0	368	39990
GCfix_007366	0.06725	0.038936	0.00000	0.000000	359	0	364	39582
GCall_000894	0.06725	0.038842	0.00000	0.000000	359	0	360	38992
GCfix_005294	0.06706	0.038959	0.00000	0.000000	358	0	364	39748
GCfix_001327	0.06687	0.038716	0.00000	0.000000	357	0	358	38866
GCall_003109	0.06669	0.038528	0.00000	0.000000	356	0	356	38528
GCfix_010907	0.06650	0.038248	0.00000	0.000000	355	0	356	38364
GCfix_007078	0.06650	0.038265	0.00000	0.000000	355	0	358	38652
GCfix_001025	0.06650	0.038227	0.00000	0.000000	355	0	356	38342
GCall_007218	0.06612	0.038196	0.00000	0.000000	353	0	360	39032
GCall_002514	0.06594	0.038178	0.00000	0.000000	352	0	358	39078
GCall_006561	0.06575	0.038028	0.00000	0.000000	351	0	352	38146
GCall_001437	0.06575	0.038002	0.00000	0.000000	351	0	352	38152
GCfix_010076	0.06537	0.037666	0.00000	0.000000	349	0	352	38048
GCall_005948	0.06519	0.037458	0.00000	0.000000	348	0	348	37458
GCall_002957	0.06519	0.037747	0.00000	0.000000	348	0	350	37972
GCall_006778	0.06500	0.037442	0.00000	0.000000	347	0	350	37788
GCall_005091	0.06462	0.037346	0.00000	0.000000	345	0	346	37456
GCfix_005217	0.06425	0.037076	0.00000	0.000000	343	0	346	37408
GCfix_007858	0.06369	0.036606	0.00000	0.000000	340	0	340	36606
GCall_002565	0.06369	0.036760	0.00000	0.000000	340	0	340	36760
GCall_002225	0.06350	0.036636	0.00000	0.000000	339	0	340	36786
GCfix_007821	0.06331	0.036398	0.00000	0.000000	338	0	338	36398
GCall_005896	0.06313	0.036246	0.00000	0.000000	337	0	338	36396
GCall_008141	0.06256	0.035990	0.00000	0.000000	334	0	336	36214
GCall_001408	0.06256	0.036203	0.00000	0.000000	334	0	342	37266
GCall_000752	0.06256	0.035956	0.00000	0.000000	334	0	334	35956
GCfix_005488	0.06238	0.036006	0.00000	0.000000	333	0	334	36156
GCall_009697	0.06238	0.035890	0.00000	0.000000	333	0	336	36264
GCfix_006932	0.06219	0.035651	0.00000	0.000000	332	0	334	35880
GCfix_002314	0.06200	0.035549	0.00000	0.000000	331	0	332	35674
GCall_008146	0.06182	0.035554	0.00000	0.000000	330	0	332	35778
GCall_000703	0.06182	0.035650	0.00000	0.000000	330	0	332	35950
GCfix_006488	0.06163	0.035960	0.00000	0.000000	329	0	330	36110
GCfix_002865	0.06163	0.035439	0.00000	0.000000	329	0	332	35782
GCfix_010039	0.06144	0.035452	0.00000	0.000000	328	0	330	35752
GCfix_009246	0.06088	0.035166	0.00000	0.000000	325	0	328	35580
GCall_008253	0.06050	0.034888	0.00000	0.000000	323	0	324	35038
GCall_002734	0.06050	0.035018	0.00000	0.000000	323	0	328	35704
GCall_004855	0.05994	0.034734	0.00000	0.000000	320	0	320	34734
GCfix_010190	0.05975	0.034580	0.00000	0.000000	319	0	322	35030
GCfix_000501	0.05975	0.034520	0.00000	0.000000	319	0	320	34670
GCfix_001523	0.05938	0.034258	0.00000	0.000000	317	0	318	34408
GCall_004890	0.05938	0.034316	0.00000	0.000000	317	0	320	34766
GCfix_000765	0.05919	0.034295	0.00000	0.000000	316	0	320	34860
GCfix_009200	0.05882	0.034372	0.00000	0.000000	314	0	316	34638
GCfix_007293	0.05882	0.034090	0.00000	0.000000	314	0	318	34656
GCall_009395	0.05882	0.033964	0.00000	0.000000	314	0	318	34464
GCall_006623	0.05882	0.034071	0.00000	0.000000	314	0	316	34340
GCall_003266	0.05863	0.033828	0.00000	0.000000	313	0	314	33978
GCfix_007241	0.05844	0.033736	0.00000	0.000000	312	0	316	34272
GCall_000558	0.05826	0.033534	0.00000	0.000000	311	0	312	33660
GCall_011111	0.05807	0.033686	0.00000	0.000000	310	0	312	33986
GCall_007634	0.05807	0.033498	0.00000	0.000000	310	0	314	34000
GCfix_005482	0.05788	0.033582	0.00000	0.000000	309	0	312	33996
GCfix_009515	0.05769	0.033360	0.00000	0.000000	308	0	308	33360
GCfix_008688	0.05769	0.032780	0.00000	0.000000	308	0	314	33578
GCfix_002364	0.05769	0.033334	0.00000	0.000000	308	0	310	33594
GCall_010523	0.05751	0.033204	0.00000	0.000000	307	0	308	33320
GCall_000293	0.05751	0.033257	0.00000	0.000000	307	0	310	33604
GCall_008580	0.05732	0.033296	0.00000	0.000000	306	0	306	33296
GCall_003974	0.05732	0.033216	0.00000	0.000000	306	0	310	33748
GCfix_000662	0.05676	0.032626	0.00000	0.000000	303	0	304	32776
GCall_003077	0.05657	0.032716	0.00000	0.000000	302	0	304	32974
GCall_010909	0.05638	0.032608	0.00000	0.000000	301	0	302	32758
GCall_006696	0.05638	0.032558	0.00000	0.000000	301	0	304	32942
GCfix_008544	0.05601	0.032180	0.00000	0.000000	299	0	302	32594
GCall_010052	0.05601	0.032426	0.00000	0.000000	299	0	302	32812
GCfix_007818	0.05582	0.032163	0.00000	0.000000	298	0	300	32396
GCfix_010019	0.05563	0.032152	0.00000	0.000000	297	0	300	32494
GCall_007775	0.05563	0.032102	0.00000	0.000000	297	0	298	32252
GCall_008851	0.05545	0.032156	0.00000	0.000000	296	0	300	32756
GCall_005618	0.05545	0.032156	0.00000	0.000000	296	0	298	32422
GCfix_011795	0.05470	0.031518	0.00000	0.000000	292	0	292	31518
GCfix_000253	0.05432	0.031392	0.00000	0.000000	290	0	290	31392
GCfix_007180	0.05414	0.031162	0.00000	0.000000	289	0	290	31280
GCall_007852	0.05414	0.031256	0.00000	0.000000	289	0	290	31374
GCall_006409	0.05414	0.031186	0.00000	0.000000	289	0	290	31300
GCall_002046	0.05414	0.031388	0.00000	0.000000	289	0	292	31798
GCall_006291	0.05357	0.030606	0.00000	0.000000	286	0	288	30906
GCall_009163	0.05339	0.030758	0.00000	0.000000	285	0	288	31176
GCall_009362	0.05301	0.030846	0.00000	0.000000	283	0	284	30996
GCall_009332	0.05301	0.030531	0.00000	0.000000	283	0	286	30916
GCfix_006284	0.05282	0.030476	0.00000	0.000000	282	0	284	30776
GCfix_000069	0.05282	0.030538	0.00000	0.000000	282	0	282	30538
GCall_000870	0.05264	0.030383	0.00000	0.000000	281	0	284	30798
GCfix_010995	0.05245	0.030176	0.00000	0.000000	280	0	280	30176
GCfix_008425	0.05245	0.030368	0.00000	0.000000	280	0	284	30896
GCfix_001845	0.05226	0.030282	0.00000	0.000000	279	0	280	30394
GCfix_004846	0.05170	0.029728	0.00000	0.000000	276	0	276	29728
GCall_007674	0.05170	0.029847	0.00000	0.000000	276	0	280	30412
GCfix_007077	0.05151	0.029646	0.00000	0.000000	275	0	276	29764
GCfix_007384	0.05133	0.029808	0.00000	0.000000	274	0	274	29808
GCall_000834	0.05114	0.029340	0.00000	0.000000	273	0	276	29714
GCfix_008210	0.05076	0.029364	0.00000	0.000000	271	0	274	29708
GCall_006569	0.05039	0.029024	0.00000	0.000000	269	0	272	29440
GCall_002611	0.05039	0.029182	0.00000	0.000000	269	0	270	29332
GCfix_008116	0.04983	0.028862	0.00000	0.000000	266	0	266	28862
GCall_006679	0.04983	0.028750	0.00000	0.000000	266	0	266	28750
GCall_010467	0.04964	0.028744	0.00000	0.000000	265	0	266	28894
GCfix_005845	0.04908	0.028290	0.00000	0.000000	262	0	264	28476
GCall_007900	0.04889	0.028340	0.00000	0.000000	261	0	264	28758
GCall_010490	0.04833	0.027974	0.00000	0.000000	258	0	260	28274
GCall_004087	0.04814	0.027752	0.00000	0.000000	257	0	258	27902
GCfix_006223	0.04795	0.027590	0.00000	0.000000	256	0	258	27850
GCall_010229	0.04795	0.027712	0.00000	0.000000	256	0	256	27712
GCall_009637	0.04795	0.027845	0.00000	0.000000	256	0	258	28086
GCfix_006640	0.04777	0.027548	0.00000	0.000000	255	0	258	27962
GCfix_011629	0.04720	0.027328	0.00000	0.000000	252	0	252	27328
GCall_008824	0.04664	0.026796	0.00000	0.000000	249	0	250	26946
GCfix_010226	0.04627	0.026872	0.00000	0.000000	247	0	250	27282
GCall_008498	0.04627	0.026651	0.00000	0.000000	247	0	248	26768
GCfix_002463	0.04608	0.026422	0.00000	0.000000	246	0	248	26656
GCall_005457	0.04608	0.026730	0.00000	0.000000	246	0	246	26730
GCall_000431	0.04608	0.026518	0.00000	0.000000	246	0	250	27118
GCfix_007432	0.04533	0.026174	0.00000	0.000000	242	0	244	26474
GCfix_001466	0.04514	0.026214	0.00000	0.000000	241	0	242	26364
GCall_002159	0.04514	0.026030	0.00000	0.000000	241	0	242	26180
GCfix_002268	0.04458	0.025620	0.00000	0.000000	238	0	238	25620
GCall_005506	0.04439	0.025682	0.00000	0.000000	237	0	240	26092
GCall_001158	0.04439	0.025576	0.00000	0.000000	237	0	238	25726
GCfix_010952	0.04383	0.025329	0.00000	0.000000	234	0	236	25596
GCfix_009368	0.04383	0.025304	0.00000	0.000000	234	0	236	25530
GCall_002345	0.04308	0.024820	0.00000	0.000000	230	0	230	24820
GCall_001267	0.04290	0.024786	0.00000	0.000000	229	0	232	25236
GCfix_009379	0.04271	0.024874	0.00000	0.000000	228	0	230	25106
GCfix_006032	0.04196	0.024176	0.00000	0.000000	224	0	224	24176
GCfix_002482	0.04140	0.023950	0.00000	0.000000	221	0	222	24060
GCall_000123	0.04121	0.023768	0.00000	0.000000	220	0	222	24028
GCfix_002984	0.04084	0.023672	0.00000	0.000000	218	0	218	23672
GCfix_001713	0.04065	0.023714	0.00000	0.000000	217	0	218	23864
GCall_002381	0.04027	0.023218	0.00000	0.000000	215	0	216	23368
GCfix_008952	0.04009	0.023172	0.00000	0.000000	214	0	214	23172
GCall_001380	0.03971	0.022998	0.00000	0.000000	212	0	214	23266
GCfix_000026	0.03952	0.022894	0.00000	0.000000	211	0	212	23044
GCall_010305	0.03915	0.022524	0.00000	0.000000	209	0	210	22674
GCfix_005470	0.03877	0.022568	0.00000	0.000000	207	0	212	23220
GCfix_007281	0.03821	0.022248	0.00000	0.000000	204	0	208	22740
GCall_009970	0.03784	0.021654	0.00000	0.000000	202	0	202	21654
GCfix_010300	0.03746	0.021620	0.00000	0.000000	200	0	202	21920
GCfix_009039	0.03728	0.021460	0.00000	0.000000	199	0	202	21880
GCall_011870	0.03671	0.021320	0.00000	0.000000	196	0	198	21538
GCall_002500	0.03671	0.021096	0.00000	0.000000	196	0	196	21096
GCfix_010181	0.03653	0.020958	0.00000	0.000000	195	0	198	21368
GCfix_003591	0.03653	0.021398	0.00000	0.000000	195	0	202	22448
GCfix_008651	0.03597	0.020747	0.00000	0.000000	192	0	194	20972
GCall_002631	0.03578	0.020758	0.00000	0.000000	191	0	194	21132
GCall_005335	0.03522	0.020308	0.00000	0.000000	188	0	188	20308
GCfix_008279	0.03447	0.019904	0.00000	0.000000	184	0	186	20204
GCall_010222	0.03447	0.020032	0.00000	0.000000	184	0	186	20332
GCall_008497	0.03447	0.019979	0.00000	0.000000	184	0	186	20246
GCfix_006416	0.03428	0.019889	0.00000	0.000000	183	0	186	20306
GCall_009972	0.03428	0.019744	0.00000	0.000000	183	0	184	19854
GCfix_011128	0.03297	0.018982	0.00000	0.000000	176	0	176	18982
GCall_005716	0.03278	0.019209	0.00000	0.000000	175	0	182	20226
GCall_002199	0.03259	0.018742	0.00000	0.000000	174	0	176	19000
GCfix_000468	0.03241	0.018684	0.00000	0.000000	173	0	174	18792
GCfix_001959	0.03184	0.018197	0.00000	0.000000	170	0	172	18470
GCall_004341	0.03184	0.018406	0.00000	0.000000	170	0	170	18406
GCall_003420	0.03184	0.018332	0.00000	0.000000	170	0	170	18332
GCfix_002913	0.03128	0.017886	0.00000	0.000000	167	0	168	18004
GCall_004880	0.03128	0.017988	0.00000	0.000000	167	0	168	18138
GCfix_009699	0.03109	0.017908	0.00000	0.000000	166	0	166	17908
GCfix_000386	0.02997	0.017270	0.00000	0.000000	160	0	160	17270
GCfix_009278	0.02960	0.017040	0.00000	0.000000	158	0	158	17040
GCall_001387	0.02941	0.016924	0.00000	0.000000	157	0	158	17074
GCfix_001044	0.02922	0.016824	0.00000	0.000000	156	0	156	16824
GCfix_002438	0.02866	0.016484	0.00000	0.000000	153	0	154	16634
GCall_004501	0.02847	0.016490	0.00000	0.000000	152	0	152	16490
GCfix_011811	0.02829	0.016146	0.00000	0.000000	151	0	152	16296
GCall_005641	0.02829	0.016205	0.00000	0.000000	151	0	152	16322
GCfix_011090	0.02754	0.015758	0.00000	0.000000	147	0	148	15868
GCall_005095	0.02754	0.015595	0.00000	0.000000	147	0	148	15712
GCall_006119	0.02735	0.015874	0.00000	0.000000	146	0	148	16174
GCall_011257	0.02716	0.015714	0.00000	0.000000	145	0	146	15830
GCfix_006557	0.02660	0.015294	0.00000	0.000000	142	0	142	15294
GCfix_001516	0.02641	0.015322	0.00000	0.000000	141	0	142	15472
GCall_011987	0.02604	0.014991	0.00000	0.000000	139	0	140	15110
GCall_003959	0.02604	0.015094	0.00000	0.000000	139	0	140	15206
GCfix_004325	0.02585	0.014890	0.00000	0.000000	138	0	138	14890
GCall_005901	0.02566	0.014910	0.00000	0.000000	137	0	138	15060
GCfix_010724	0.02529	0.014588	0.00000	0.000000	135	0	138	14922
GCfix_008301	0.02510	0.014026	0.00000	0.000000	134	0	134	14026
GCfix_003988	0.02510	0.014406	0.00000	0.000000	134	0	134	14406
GCall_007645	0.02510	0.014560	0.00000	0.000000	134	0	136	14860
GCfix_001579	0.02416	0.016358	0.00000	0.000000	129	0	180	24008
GCfix_001024	0.02416	0.013917	0.00000	0.000000	129	0	130	14034
GCall_002851	0.02416	0.013934	0.00000	0.000000	129	0	130	14084
GCfix_001590	0.02379	0.013838	0.00000	0.000000	127	0	128	13988
GCall_005534	0.02323	0.013282	0.00000	0.000000	124	0	124	13282
GCall_000432	0.02323	0.013376	0.00000	0.000000	124	0	124	13376
GCfix_002262	0.02304	0.013408	0.00000	0.000000	123	0	124	13558
GCall_001015	0.02192	0.012624	0.00000	0.000000	117	0	120	12928
GCfix_003752	0.02173	0.012616	0.00000	0.000000	116	0	116	12616
GCall_009992	0.02173	0.012226	0.00000	0.000000	116	0	116	12226
GCall_009953	0.02173	0.012676	0.00000	0.000000	116	0	116	12676
GCall_000070	0.02173	0.012520	0.00000	0.000000	116	0	116	12520
GCfix_000183	0.02154	0.012552	0.00000	0.000000	115	0	116	12702
GCfix_010027	0.02135	0.012292	0.00000	0.000000	114	0	114	12292
GCall_006793	0.02135	0.012386	0.00000	0.000000	114	0	114	12386
GCall_000765	0.02098	0.012088	0.00000	0.000000	112	0	112	12088
GCfix_008068	0.02079	0.012004	0.00000	0.000000	111	0	112	12122
GCall_008335	0.02042	0.011752	0.00000	0.000000	109	0	110	11860
GCfix_001592	0.01986	0.011434	0.00000	0.000000	106	0	106	11434
GCall_007891	0.01967	0.011392	0.00000	0.000000	105	0	106	11508
GCfix_010325	0.01948	0.011556	0.00000	0.000000	104	0	106	11822
GCall_002145	0.01948	0.011210	0.00000	0.000000	104	0	104	11210
GCfix_003449	0.01929	0.010982	0.00000	0.000000	103	0	104	11132
GCfix_003507	0.01854	0.010812	0.00000	0.000000	99	0	102	11196
GCfix_001377	0.01761	0.010142	0.00000	0.000000	94	0	94	10142
GCfix_006994	0.01742	0.009914	0.00000	0.000000	93	0	94	10028
GCall_004301	0.01742	0.010085	0.00000	0.000000	93	0	94	10200
GCfix_001324	0.01723	0.009876	0.00000	0.000000	92	0	92	9876
GCall_011896	0.01705	0.009836	0.00000	0.000000	91	0	92	9986
GCfix_006390	0.01686	0.009674	0.00000	0.000000	90	0	90	9674
GCall_006159	0.01686	0.009702	0.00000	0.000000	90	0	90	9702
GCfix_003707	0.01667	0.009654	0.00000	0.000000	89	0	90	9804
GCfix_009742	0.01648	0.009434	0.00000	0.000000	88	0	88	9434
GCfix_009101	0.01592	0.009152	0.00000	0.000000	85	0	86	9302
GCall_005373	0.01573	0.008954	0.00000	0.000000	84	0	84	8954
GCall_008392	0.01536	0.008936	0.00000	0.000000	82	0	82	8936
GCfix_008322	0.01499	0.008710	0.00000	0.000000	80	0	80	8710
GCfix_001733	0.01499	0.008722	0.00000	0.000000	80	0	80	8722
GCfix_008781	0.01461	0.008510	0.00000	0.000000	78	0	80	8768
GCfix_008713	0.01461	0.008298	0.00000	0.000000	78	0	78	8298
GCfix_002761	0.01461	0.008348	0.00000	0.000000	78	0	78	8348
GCall_005548	0.01386	0.007980	0.00000	0.000000	74	0	74	7980
GCall_000198	0.01274	0.007416	0.00000	0.000000	68	0	68	7416
GCall_005794	0.01199	0.006794	0.00000	0.000000	64	0	64	6794
GCfix_006675	0.01180	0.006714	0.00000	0.000000	63	0	64	6864
GCfix_003441	0.01124	0.006498	0.00000	0.000000	60	0	60	6498
GCfix_005514	0.01012	0.005748	0.00000	0.000000	54	0	54	5748
GCall_009296	0.01012	0.005744	0.00000	0.000000	54	0	54	5744
GCall_001350	0.00993	0.005750	0.00000	0.000000	53	0	54	5900
GCall_002469	0.00974	0.005584	0.00000	0.000000	52	0	52	5584
GCall_010432	0.00918	0.005293	0.00000	0.000000	49	0	50	5402
GCfix_004694	0.00899	0.005174	0.00000	0.000000	48	0	48	5174
GCfix_004141	0.00862	0.004910	0.00000	0.000000	46	0	46	4910
GCall_001874	0.00862	0.004954	0.00000	0.000000	46	0	46	4954
GCall_009316	0.00787	0.004532	0.00000	0.000000	42	0	42	4532
GCfix_000338	0.00712	0.004100	0.00000	0.000000	38	0	38	4100
GCall_006538	0.00712	0.004186	0.00000	0.000000	38	0	38	4186
GCall_003056	0.00712	0.004100	0.00000	0.000000	38	0	38	4100
GCall_002337	0.00562	0.003222	0.00000	0.000000	30	0	30	3222
GCfix_009551	0.00524	0.003088	0.00000	0.000000	28	0	30	3388
GCall_011580	0.00524	0.003000	0.00000	0.000000	28	0	28	3000
GCall_003582	0.00487	0.002800	0.00000	0.000000	26	0	26	2800
GCall_002398	0.00450	0.002592	0.00000	0.000000	24	0	24	2592
GCfix_008854	0.00412	0.002374	0.00000	0.000000	22	0	22	2374
GCfix_003525	0.00412	0.002376	0.00000	0.000000	22	0	22	2376
GCall_001492	0.00375	0.002156	0.00000	0.000000	20	0	20	2156
GCall_011014	0.00356	0.001999	0.00000	0.000000	19	0	20	2054
GCfix_010005	0.00337	0.001946	0.00000	0.000000	18	0	18	1946
GCfix_006234	0.00337	0.002028	0.00000	0.000000	18	0	18	2028
GCfix_002574	0.00337	0.001940	0.00000	0.000000	18	0	18	1940
GCfix_008711	0.00300	0.001726	0.00000	0.000000	16	0	16	1726
GCfix_000658	0.00300	0.001716	0.00000	0.000000	16	0	16	1716
GCfix_010726	0.00262	0.001502	0.00000	0.000000	14	0	14	1502
GCfix_005042	0.00262	0.001512	0.00000	0.000000	14	0	14	1512
GCfix_003914	0.00262	0.001512	0.00000	0.000000	14	0	14	1512
GCfix_001405	0.00262	0.001512	0.00000	0.000000	14	0	14	1512
GCall_009982	0.00262	0.001502	0.00000	0.000000	14	0	14	1502
GCfix_000276	0.00187	0.001032	0.00000	0.000000	10	0	10	1032
GCfix_000120	0.00187	0.001012	0.00000	0.000000	10	0	10	1012
GCall_011493	0.00187	0.001076	0.00000	0.000000	10	0	10	1076
GCall_007813	0.00187	0.001080	0.00000	0.000000	10	0	10	1080
GCfix_006126	0.00112	0.000644	0.00000	0.000000	6	0	6	644
GCall_009807	0.00112	0.000648	0.00000	0.000000	6	0	6	648
GCall_006796	0.00112	0.000648	0.00000	0.000000	6	0	6	648
GCall_006686	0.00075	0.000514	0.00000	0.000000	4	0	4	514
GCfix_000666	0.00037	0.000216	0.00000	0.000000	2	0	2	216
