#name	%unambiguousReads	unambiguousMB	%ambiguousReads	ambiguousMB	unambiguousReads	ambiguousReads	assignedReads	assignedBases
GCfix_000952	1.21453	0.294547	0.00000	0.000000	3760	0	3820	299610
GCall_008070	0.33012	0.110359	0.00000	0.000000	1022	0	1038	112550
GCall_004788	0.32334	0.108890	0.00000	0.000000	1001	0	1022	111774
GCall_010027	0.32237	0.107758	0.00000	0.000000	998	0	1012	109472
GCall_005749	0.31429	0.104595	0.00000	0.000000	973	0	984	106072
GCfix_010422	0.30751	0.103302	0.00000	0.000000	952	0	976	106712
GCfix_008874	0.29685	0.099418	0.00000	0.000000	919	0	934	101222
GCall_008247	0.29556	0.099018	0.00000	0.000000	915	0	934	101398
GCall_006870	0.29104	0.097387	0.00000	0.000000	901	0	912	98842
GCall_001634	0.28651	0.095946	0.00000	0.000000	887	0	902	97954
GCfix_011715	0.28167	0.094419	0.00000	0.000000	872	0	890	96822
GCall_006378	0.28102	0.094401	0.00000	0.000000	870	0	892	97350
GCfix_003152	0.27973	0.093643	0.00000	0.000000	866	0	878	95220
GCfix_000358	0.27715	0.092421	0.00000	0.000000	858	0	870	93968
GCfix_002883	0.27618	0.092390	0.00000	0.000000	855	0	880	95566
GCfix_002038	0.27585	0.092276	0.00000	0.000000	854	0	864	93666
GCfix_004076	0.27230	0.091313	0.00000	0.000000	843	0	854	92776
GCfix_005405	0.26939	0.090077	0.00000	0.000000	834	0	852	92258
GCfix_002088	0.26875	0.090063	0.00000	0.000000	832	0	842	91370
GCall_005056	0.26842	0.089602	0.00000	0.000000	831	0	842	91006
GCfix_007750	0.26778	0.089590	0.00000	0.000000	829	0	846	91744
GCall_002983	0.26616	0.089404	0.00000	0.000000	824	0	838	91324
GCall_009124	0.26423	0.088022	0.00000	0.000000	818	0	828	89272
GCall_001851	0.26067	0.087241	0.00000	0.000000	807	0	820	88846
GCall_004122	0.25873	0.086223	0.00000	0.000000	801	0	812	87620
GCall_000439	0.25873	0.086796	0.00000	0.000000	801	0	818	88976
GCall_001080	0.25712	0.086214	0.00000	0.000000	796	0	808	87716
GCfix_000590	0.25680	0.085728	0.00000	0.000000	795	0	814	88108
GCall_010142	0.25583	0.085894	0.00000	0.000000	792	0	804	87464
GCfix_001586	0.25486	0.085407	0.00000	0.000000	789	0	804	87370
GCall_005748	0.25163	0.084128	0.00000	0.000000	779	0	788	85370
GCall_007880	0.25130	0.085140	0.00000	0.000000	778	0	798	88004
GCall_002161	0.24904	0.083351	0.00000	0.000000	771	0	784	85012
GCfix_011827	0.24743	0.083114	0.00000	0.000000	766	0	774	84112
GCfix_004183	0.24743	0.082837	0.00000	0.000000	766	0	780	84516
GCfix_007349	0.24678	0.082438	0.00000	0.000000	764	0	772	83550
GCfix_007304	0.24452	0.081866	0.00000	0.000000	757	0	766	83002
GCall_010123	0.24420	0.082097	0.00000	0.000000	756	0	770	84068
GCall_006957	0.24388	0.081692	0.00000	0.000000	755	0	768	83318
GCall_003884	0.24258	0.080826	0.00000	0.000000	751	0	766	82668
GCfix_000188	0.24161	0.080562	0.00000	0.000000	748	0	762	82430
GCall_000208	0.24065	0.080839	0.00000	0.000000	745	0	760	82894
GCfix_010893	0.24032	0.081000	0.00000	0.000000	744	0	756	82620
GCall_009919	0.24032	0.080234	0.00000	0.000000	744	0	758	82012
GCfix_000077	0.23968	0.080497	0.00000	0.000000	742	0	760	82892
GCall_004442	0.23742	0.079561	0.00000	0.000000	735	0	756	82264
GCall_003919	0.23709	0.079080	0.00000	0.000000	734	0	746	80582
GCall_006217	0.23677	0.079257	0.00000	0.000000	733	0	744	80696
GCall_011608	0.23645	0.079269	0.00000	0.000000	732	0	743	80738
GCfix_010475	0.23612	0.079215	0.00000	0.000000	731	0	746	81092
GCall_008868	0.23580	0.078817	0.00000	0.000000	730	0	738	79788
GCall_010815	0.23548	0.078815	0.00000	0.000000	729	0	738	79982
GCall_005933	0.23548	0.078514	0.00000	0.000000	729	0	734	79136
GCfix_011936	0.23289	0.078153	0.00000	0.000000	721	0	730	79402
GCfix_010983	0.23257	0.077897	0.00000	0.000000	720	0	730	79246
GCfix_002804	0.23257	0.078196	0.00000	0.000000	720	0	738	80652
GCall_004601	0.23192	0.078063	0.00000	0.000000	718	0	728	79420
GCfix_008531	0.23063	0.077126	0.00000	0.000000	714	0	722	78154
GCfix_005473	0.23031	0.077359	0.00000	0.000000	713	0	726	79024
GCfix_009103	0.22902	0.076980	0.00000	0.000000	709	0	722	78672
GCfix_007507	0.22902	0.077146	0.00000	0.000000	709	0	730	79902
GCall_002628	0.22869	0.076482	0.00000	0.000000	708	0	718	77826
GCall_000369	0.22837	0.076537	0.00000	0.000000	707	0	720	78348
GCfix_000668	0.22740	0.076614	0.00000	0.000000	704	0	718	78490
GCfix_011331	0.22708	0.075871	0.00000	0.000000	703	0	710	76752
GCfix_009343	0.22708	0.076250	0.00000	0.000000	703	0	716	77980
GCfix_005933	0.22611	0.075872	0.00000	0.000000	700	0	710	77142
GCfix_004391	0.22514	0.075423	0.00000	0.000000	697	0	712	77418
GCfix_005569	0.22449	0.075074	0.00000	0.000000	695	0	708	76728
GCfix_002813	0.22449	0.075034	0.00000	0.000000	695	0	708	76804
GCall_004436	0.22449	0.074994	0.00000	0.000000	695	0	702	75892
GCfix_006184	0.22385	0.074837	0.00000	0.000000	693	0	702	75958
GCall_009628	0.22385	0.075134	0.00000	0.000000	693	0	704	76618
GCfix_001509	0.22353	0.074803	0.00000	0.000000	692	0	704	76314
GCfix_006160	0.22288	0.074722	0.00000	0.000000	690	0	698	75722
GCall_010748	0.22288	0.074609	0.00000	0.000000	690	0	706	76848
GCall_004481	0.22288	0.074289	0.00000	0.000000	690	0	694	74814
GCfix_005060	0.22191	0.074272	0.00000	0.000000	687	0	700	75950
GCfix_001423	0.22126	0.074003	0.00000	0.000000	685	0	694	75198
GCfix_008919	0.22062	0.073703	0.00000	0.000000	683	0	694	74980
GCfix_005678	0.21900	0.073219	0.00000	0.000000	678	0	692	74980
GCall_005062	0.21836	0.073092	0.00000	0.000000	676	0	688	74674
GCall_008380	0.21771	0.073497	0.00000	0.000000	674	0	694	76196
GCall_006502	0.21674	0.072641	0.00000	0.000000	671	0	682	74116
GCall_010169	0.21642	0.072505	0.00000	0.000000	670	0	682	74138
GCall_008236	0.21642	0.072650	0.00000	0.000000	670	0	682	74188
GCall_003574	0.21577	0.072000	0.00000	0.000000	668	0	678	73294
GCall_006830	0.21480	0.071793	0.00000	0.000000	665	0	674	73044
GCall_005872	0.21384	0.071289	0.00000	0.000000	662	0	670	72322
GCall_009745	0.21222	0.071243	0.00000	0.000000	657	0	666	72434
GCfix_006706	0.21190	0.070401	0.00000	0.000000	656	0	668	71886
GCall_010506	0.21061	0.070379	0.00000	0.000000	652	0	666	72126
GCall_010677	0.21028	0.070413	0.00000	0.000000	651	0	664	72126
GCall_007232	0.21028	0.070442	0.00000	0.000000	651	0	666	72446
GCfix_006220	0.20996	0.070105	0.00000	0.000000	650	0	658	71146
GCall_010192	0.20996	0.070257	0.00000	0.000000	650	0	660	71580
GCfix_001910	0.20964	0.070300	0.00000	0.000000	649	0	666	72652
GCall_010977	0.20964	0.070173	0.00000	0.000000	649	0	658	71358
GCall_003620	0.20931	0.070036	0.00000	0.000000	648	0	660	71640
GCfix_011094	0.20834	0.069835	0.00000	0.000000	645	0	662	72132
GCall_007207	0.20770	0.069740	0.00000	0.000000	643	0	654	71208
GCall_004019	0.20770	0.069569	0.00000	0.000000	643	0	652	70774
GCfix_010341	0.20738	0.069693	0.00000	0.000000	642	0	652	71102
GCfix_011728	0.20705	0.069288	0.00000	0.000000	641	0	654	71064
GCfix_009734	0.20608	0.069080	0.00000	0.000000	638	0	656	71414
GCall_008503	0.20608	0.069072	0.00000	0.000000	638	0	652	71042
GCfix_008578	0.20511	0.068446	0.00000	0.000000	635	0	650	70472
GCall_003083	0.20511	0.068701	0.00000	0.000000	635	0	644	69836
GCall_011713	0.20414	0.068467	0.00000	0.000000	632	0	648	70504
GCall_010329	0.20382	0.068381	0.00000	0.000000	631	0	644	70164
GCall_003002	0.20350	0.068430	0.00000	0.000000	630	0	648	70748
GCfix_002652	0.20253	0.067693	0.00000	0.000000	627	0	638	69018
GCall_011687	0.20221	0.067467	0.00000	0.000000	626	0	634	68526
GCall_007574	0.20091	0.067255	0.00000	0.000000	622	0	634	68760
GCall_001778	0.20059	0.068654	0.00000	0.000000	621	0	638	71204
GCfix_005555	0.20027	0.066837	0.00000	0.000000	620	0	630	68052
GCfix_005163	0.20027	0.066594	0.00000	0.000000	620	0	630	67786
GCall_006461	0.19995	0.066840	0.00000	0.000000	619	0	626	67746
GCall_008336	0.19962	0.066846	0.00000	0.000000	618	0	630	68408
GCall_004897	0.19930	0.066768	0.00000	0.000000	617	0	628	68174
GCall_001919	0.19930	0.066495	0.00000	0.000000	617	0	630	68080
GCall_000069	0.19930	0.066505	0.00000	0.000000	617	0	628	67958
GCfix_007747	0.19736	0.066114	0.00000	0.000000	611	0	616	66864
GCfix_000661	0.19704	0.066089	0.00000	0.000000	610	0	622	67636
GCall_010902	0.19672	0.066240	0.00000	0.000000	609	0	618	67482
GCfix_005310	0.19639	0.065981	0.00000	0.000000	608	0	620	67652
GCfix_004611	0.19639	0.065905	0.00000	0.000000	608	0	620	67514
GCfix_006258	0.19607	0.065473	0.00000	0.000000	607	0	614	66310
GCfix_002677	0.19575	0.065415	0.00000	0.000000	606	0	620	67254
GCfix_005857	0.19542	0.065323	0.00000	0.000000	605	0	618	66934
GCall_011861	0.19413	0.065109	0.00000	0.000000	601	0	614	66750
GCall_006488	0.19413	0.065339	0.00000	0.000000	601	0	612	66924
GCall_006262	0.19316	0.064570	0.00000	0.000000	598	0	604	65470
GCfix_005179	0.19284	0.064650	0.00000	0.000000	597	0	606	65860
GCall_009878	0.19252	0.064504	0.00000	0.000000	596	0	608	66054
GCfix_005299	0.19219	0.064586	0.00000	0.000000	595	0	604	65694
GCall_010314	0.19219	0.064256	0.00000	0.000000	595	0	612	66370
GCfix_006179	0.19090	0.063885	0.00000	0.000000	591	0	596	64532
GCall_003922	0.19058	0.063983	0.00000	0.000000	590	0	602	65540
GCfix_006285	0.19026	0.063757	0.00000	0.000000	589	0	598	64904
GCfix_000022	0.19026	0.063445	0.00000	0.000000	589	0	596	64342
GCall_010387	0.19026	0.063550	0.00000	0.000000	589	0	596	64438
GCfix_001628	0.18993	0.063908	0.00000	0.000000	588	0	602	65814
GCfix_000458	0.18961	0.063596	0.00000	0.000000	587	0	602	65506
GCall_005210	0.18961	0.063701	0.00000	0.000000	587	0	602	65638
GCfix_006046	0.18864	0.063246	0.00000	0.000000	584	0	594	64596
GCall_000331	0.18864	0.063328	0.00000	0.000000	584	0	596	65038
GCfix_001892	0.18832	0.063211	0.00000	0.000000	583	0	594	64574
GCall_001203	0.18832	0.063322	0.00000	0.000000	583	0	598	65244
GCall_001056	0.18832	0.063117	0.00000	0.000000	583	0	592	64300
GCfix_011878	0.18799	0.062888	0.00000	0.000000	582	0	592	64134
GCall_003050	0.18767	0.062384	0.00000	0.000000	581	0	586	62990
GCfix_008370	0.18735	0.062642	0.00000	0.000000	580	0	592	64070
GCall_001193	0.18735	0.062533	0.00000	0.000000	580	0	584	62990
GCfix_011891	0.18670	0.062220	0.00000	0.000000	578	0	586	63248
GCfix_006745	0.18541	0.062941	0.00000	0.000000	574	0	586	64614
GCfix_008218	0.18509	0.061887	0.00000	0.000000	573	0	582	62978
GCall_011186	0.18509	0.061737	0.00000	0.000000	573	0	578	62454
GCfix_007757	0.18444	0.061888	0.00000	0.000000	571	0	586	63858
GCall_008912	0.18444	0.061928	0.00000	0.000000	571	0	580	63134
GCall_008644	0.18444	0.061678	0.00000	0.000000	571	0	584	63260
GCall_006242	0.18444	0.061785	0.00000	0.000000	571	0	576	62428
GCfix_009936	0.18315	0.061368	0.00000	0.000000	567	0	582	63362
GCfix_010714	0.18250	0.061042	0.00000	0.000000	565	0	578	62722
GCfix_008217	0.18250	0.060943	0.00000	0.000000	565	0	580	62964
GCfix_003151	0.18250	0.060846	0.00000	0.000000	565	0	574	62024
GCfix_005198	0.18218	0.061031	0.00000	0.000000	564	0	568	61530
GCall_001472	0.18186	0.060740	0.00000	0.000000	563	0	572	61938
GCall_011452	0.18121	0.061155	0.00000	0.000000	561	0	574	62942
GCfix_002543	0.18089	0.060413	0.00000	0.000000	560	0	566	61254
GCfix_007548	0.18056	0.060506	0.00000	0.000000	559	0	570	61880
GCfix_006793	0.18056	0.060240	0.00000	0.000000	559	0	574	62140
GCall_000366	0.18056	0.060617	0.00000	0.000000	559	0	570	62020
GCfix_005155	0.18024	0.060096	0.00000	0.000000	558	0	564	60890
GCall_001167	0.18024	0.060075	0.00000	0.000000	558	0	568	61244
GCfix_005481	0.17992	0.060139	0.00000	0.000000	557	0	568	61468
GCall_009985	0.17992	0.060308	0.00000	0.000000	557	0	568	61752
GCfix_006392	0.17927	0.060199	0.00000	0.000000	555	0	564	61404
GCall_002328	0.17927	0.059903	0.00000	0.000000	555	0	560	60516
GCall_004064	0.17895	0.059787	0.00000	0.000000	554	0	560	60504
GCfix_009938	0.17863	0.059633	0.00000	0.000000	553	0	558	60258
GCfix_008538	0.17863	0.059831	0.00000	0.000000	553	0	562	60940
GCall_002517	0.17798	0.059355	0.00000	0.000000	551	0	562	60838
GCall_010833	0.17733	0.059297	0.00000	0.000000	549	0	564	61204
GCfix_010596	0.17669	0.059826	0.00000	0.000000	547	0	564	62178
GCall_003345	0.17669	0.059010	0.00000	0.000000	547	0	558	60426
GCfix_004976	0.17604	0.058919	0.00000	0.000000	545	0	552	59728
GCfix_004146	0.17604	0.058744	0.00000	0.000000	545	0	554	59908
GCall_006853	0.17604	0.058961	0.00000	0.000000	545	0	562	61006
GCfix_007042	0.17572	0.058533	0.00000	0.000000	544	0	554	59790
GCfix_009899	0.17443	0.058306	0.00000	0.000000	540	0	556	60326
GCall_009760	0.17443	0.058580	0.00000	0.000000	540	0	554	60394
GCall_000282	0.17443	0.058424	0.00000	0.000000	540	0	550	59710
GCfix_009378	0.17410	0.058208	0.00000	0.000000	539	0	550	59602
GCall_010368	0.17410	0.058604	0.00000	0.000000	539	0	558	61170
GCall_007731	0.17314	0.057738	0.00000	0.000000	536	0	546	59050
GCall_005469	0.17281	0.057540	0.00000	0.000000	535	0	544	58652
GCfix_011884	0.17249	0.057843	0.00000	0.000000	534	0	544	59048
GCall_011924	0.17249	0.057556	0.00000	0.000000	534	0	540	58382
GCall_009241	0.17249	0.058587	0.00000	0.000000	534	0	546	60296
GCall_003473	0.17249	0.057674	0.00000	0.000000	534	0	538	58198
GCall_007688	0.17217	0.057779	0.00000	0.000000	533	0	544	59330
GCfix_000833	0.17152	0.057660	0.00000	0.000000	531	0	542	59172
GCall_006039	0.17152	0.057252	0.00000	0.000000	531	0	538	58172
GCfix_004719	0.17120	0.057400	0.00000	0.000000	530	0	534	57960
GCall_008368	0.17087	0.057334	0.00000	0.000000	529	0	536	58316
GCall_003996	0.17055	0.056748	0.00000	0.000000	528	0	536	57762
GCfix_001049	0.17023	0.056727	0.00000	0.000000	527	0	538	58088
GCall_005204	0.17023	0.056789	0.00000	0.000000	527	0	536	57912
GCfix_004562	0.16958	0.056777	0.00000	0.000000	525	0	536	58156
GCfix_008132	0.16861	0.056367	0.00000	0.000000	522	0	532	57650
GCall_003891	0.16829	0.056568	0.00000	0.000000	521	0	536	58372
GCfix_003192	0.16764	0.055883	0.00000	0.000000	519	0	524	56474
GCall_011282	0.16732	0.055933	0.00000	0.000000	518	0	526	56932
GCfix_007047	0.16700	0.055892	0.00000	0.000000	517	0	526	56978
GCall_007723	0.16700	0.056954	0.00000	0.000000	517	0	536	59710
GCfix_011395	0.16668	0.055851	0.00000	0.000000	516	0	526	57112
GCfix_003377	0.16635	0.055808	0.00000	0.000000	515	0	518	56218
GCfix_005505	0.16603	0.055177	0.00000	0.000000	514	0	522	56146
GCall_007316	0.16571	0.055413	0.00000	0.000000	513	0	526	56890
GCfix_005235	0.16538	0.055588	0.00000	0.000000	512	0	528	57788
GCall_007925	0.16538	0.055237	0.00000	0.000000	512	0	522	56494
GCfix_000939	0.16506	0.055436	0.00000	0.000000	511	0	522	56876
GCall_005460	0.16506	0.055354	0.00000	0.000000	511	0	520	56472
GCfix_009390	0.16409	0.054737	0.00000	0.000000	508	0	512	55202
GCall_001865	0.16377	0.054777	0.00000	0.000000	507	0	516	55858
GCall_004377	0.16345	0.054846	0.00000	0.000000	506	0	518	56450
GCall_004953	0.16312	0.054412	0.00000	0.000000	505	0	518	56108
GCfix_011918	0.16280	0.054257	0.00000	0.000000	504	0	514	55530
GCall_008358	0.16280	0.054225	0.00000	0.000000	504	0	510	55036
GCall_004960	0.16280	0.054374	0.00000	0.000000	504	0	514	55748
GCall_002180	0.16248	0.054538	0.00000	0.000000	503	0	512	55750
GCfix_011522	0.16215	0.054366	0.00000	0.000000	502	0	516	56234
GCfix_007138	0.16215	0.054280	0.00000	0.000000	502	0	506	54750
GCfix_000352	0.16215	0.054143	0.00000	0.000000	502	0	510	55120
GCfix_007621	0.16183	0.054231	0.00000	0.000000	501	0	512	55622
GCall_009088	0.16183	0.054120	0.00000	0.000000	501	0	510	55282
GCall_004867	0.16151	0.054086	0.00000	0.000000	500	0	506	54818
GCfix_004361	0.16118	0.053640	0.00000	0.000000	499	0	508	54882
GCfix_003584	0.16054	0.053680	0.00000	0.000000	497	0	500	54048
GCfix_007049	0.15989	0.053803	0.00000	0.000000	495	0	504	54978
GCfix_010086	0.15957	0.053508	0.00000	0.000000	494	0	498	54068
GCall_009068	0.15925	0.053502	0.00000	0.000000	493	0	502	54708
GCfix_002681	0.15892	0.053116	0.00000	0.000000	492	0	496	53638
GCall_007354	0.15860	0.053373	0.00000	0.000000	491	0	506	55492
GCall_005804	0.15860	0.052817	0.00000	0.000000	491	0	500	53922
GCfix_011464	0.15828	0.053230	0.00000	0.000000	490	0	498	54272
GCfix_010586	0.15828	0.053012	0.00000	0.000000	490	0	500	54332
GCall_009233	0.15795	0.053349	0.00000	0.000000	489	0	494	54074
GCfix_006246	0.15763	0.052768	0.00000	0.000000	488	0	498	54036
GCall_007709	0.15763	0.052788	0.00000	0.000000	488	0	496	53806
GCfix_007957	0.15731	0.052516	0.00000	0.000000	487	0	496	53782
GCfix_002655	0.15698	0.052429	0.00000	0.000000	486	0	494	53538
GCall_002482	0.15698	0.052433	0.00000	0.000000	486	0	490	52924
GCall_010081	0.15634	0.052116	0.00000	0.000000	484	0	488	52644
GCall_007615	0.15602	0.052022	0.00000	0.000000	483	0	488	52674
GCfix_009804	0.15569	0.052246	0.00000	0.000000	482	0	494	53832
GCall_007808	0.15537	0.051824	0.00000	0.000000	481	0	490	53016
GCall_008165	0.15472	0.051903	0.00000	0.000000	479	0	488	53096
GCall_005107	0.15440	0.051523	0.00000	0.000000	478	0	484	52358
GCfix_006194	0.15408	0.051287	0.00000	0.000000	477	0	482	51938
GCfix_009581	0.15375	0.051566	0.00000	0.000000	476	0	492	53636
GCfix_006748	0.15375	0.051506	0.00000	0.000000	476	0	486	52786
GCall_010777	0.15375	0.051642	0.00000	0.000000	476	0	486	53030
GCfix_007959	0.15343	0.051584	0.00000	0.000000	475	0	488	53268
GCfix_002058	0.15343	0.051253	0.00000	0.000000	475	0	480	51968
GCfix_004470	0.15311	0.051173	0.00000	0.000000	474	0	480	51914
GCfix_004297	0.15311	0.051152	0.00000	0.000000	474	0	482	52186
GCfix_000287	0.15279	0.050983	0.00000	0.000000	473	0	486	52520
GCfix_000543	0.15246	0.050984	0.00000	0.000000	472	0	480	52008
GCfix_007936	0.15214	0.051111	0.00000	0.000000	471	0	486	53166
GCall_003354	0.15214	0.051121	0.00000	0.000000	471	0	484	52766
GCfix_011443	0.15182	0.050683	0.00000	0.000000	470	0	472	50950
GCfix_009494	0.15149	0.050690	0.00000	0.000000	469	0	476	51590
GCall_010349	0.15149	0.050697	0.00000	0.000000	469	0	474	51342
GCall_005273	0.15149	0.050553	0.00000	0.000000	469	0	474	51176
GCfix_004762	0.15117	0.050487	0.00000	0.000000	468	0	472	51014
GCfix_003579	0.15085	0.050314	0.00000	0.000000	467	0	474	51222
GCfix_002954	0.15020	0.050538	0.00000	0.000000	465	0	478	52316
GCall_003903	0.15020	0.050588	0.00000	0.000000	465	0	472	51574
GCfix_007505	0.14956	0.050066	0.00000	0.000000	463	0	476	51740
GCall_000414	0.14956	0.050015	0.00000	0.000000	463	0	470	50984
GCfix_004773	0.14923	0.050569	0.00000	0.000000	462	0	476	52638
GCfix_001776	0.14891	0.050039	0.00000	0.000000	461	0	474	51724
GCfix_002838	0.14794	0.049648	0.00000	0.000000	458	0	470	51172
GCfix_006020	0.14762	0.049257	0.00000	0.000000	457	0	468	50606
GCall_010770	0.14762	0.049175	0.00000	0.000000	457	0	464	50120
GCall_003265	0.14729	0.049465	0.00000	0.000000	456	0	466	50718
GCfix_008609	0.14600	0.048918	0.00000	0.000000	452	0	458	49686
GCall_010215	0.14600	0.048820	0.00000	0.000000	452	0	460	49878
GCall_006134	0.14568	0.049002	0.00000	0.000000	451	0	460	50352
GCfix_008067	0.14536	0.048454	0.00000	0.000000	450	0	458	49430
GCfix_007733	0.14503	0.048152	0.00000	0.000000	449	0	460	49684
GCfix_009472	0.14471	0.048322	0.00000	0.000000	448	0	456	49328
GCall_006257	0.14471	0.048244	0.00000	0.000000	448	0	460	49688
GCall_001371	0.14471	0.048580	0.00000	0.000000	448	0	458	49964
GCfix_004038	0.14406	0.047695	0.00000	0.000000	446	0	454	48666
GCall_000576	0.14374	0.048220	0.00000	0.000000	445	0	466	50804
GCfix_010598	0.14342	0.048080	0.00000	0.000000	444	0	454	49264
GCall_010217	0.14310	0.047879	0.00000	0.000000	443	0	456	49546
GCfix_005031	0.14277	0.047541	0.00000	0.000000	442	0	448	48264
GCfix_002051	0.14213	0.047368	0.00000	0.000000	440	0	448	48372
GCfix_001904	0.14213	0.047434	0.00000	0.000000	440	0	446	48200
GCall_009239	0.14180	0.047629	0.00000	0.000000	439	0	448	48652
GCall_000173	0.14180	0.047498	0.00000	0.000000	439	0	448	48556
GCall_006718	0.14116	0.046775	0.00000	0.000000	437	0	444	47750
GCfix_009199	0.14083	0.047124	0.00000	0.000000	436	0	442	47874
GCall_001978	0.14083	0.047142	0.00000	0.000000	436	0	446	48504
GCfix_007613	0.13954	0.046755	0.00000	0.000000	432	0	448	48896
GCfix_006775	0.13954	0.046625	0.00000	0.000000	432	0	438	47356
GCfix_009851	0.13890	0.046470	0.00000	0.000000	430	0	438	47514
GCall_011702	0.13890	0.046628	0.00000	0.000000	430	0	440	47992
GCfix_007429	0.13857	0.046398	0.00000	0.000000	429	0	430	46548
GCall_008965	0.13857	0.046409	0.00000	0.000000	429	0	440	47800
GCfix_002912	0.13825	0.045974	0.00000	0.000000	428	0	436	47102
GCall_002924	0.13825	0.046636	0.00000	0.000000	428	0	440	48246
GCfix_001606	0.13793	0.046185	0.00000	0.000000	427	0	436	47368
GCall_010756	0.13793	0.046164	0.00000	0.000000	427	0	436	47194
GCfix_003384	0.13760	0.046029	0.00000	0.000000	426	0	428	46294
GCall_005924	0.13760	0.045942	0.00000	0.000000	426	0	436	47190
GCall_003813	0.13760	0.046143	0.00000	0.000000	426	0	432	46954
GCfix_003501	0.13696	0.045929	0.00000	0.000000	424	0	436	47532
GCall_011701	0.13696	0.045747	0.00000	0.000000	424	0	432	46702
GCfix_007382	0.13631	0.045904	0.00000	0.000000	422	0	434	47598
GCall_011934	0.13631	0.045485	0.00000	0.000000	422	0	427	46086
GCall_011201	0.13631	0.045566	0.00000	0.000000	422	0	426	46094
GCall_006897	0.13631	0.045574	0.00000	0.000000	422	0	428	46440
GCall_000021	0.13631	0.045658	0.00000	0.000000	422	0	430	46786
GCall_008190	0.13567	0.045300	0.00000	0.000000	420	0	424	45802
GCall_007113	0.13567	0.045179	0.00000	0.000000	420	0	426	45970
GCfix_009980	0.13534	0.045855	0.00000	0.000000	419	0	432	47742
GCfix_001936	0.13534	0.045114	0.00000	0.000000	419	0	424	45652
GCall_009948	0.13534	0.045558	0.00000	0.000000	419	0	430	47006
GCfix_009875	0.13502	0.044930	0.00000	0.000000	418	0	424	45642
GCall_009055	0.13437	0.045030	0.00000	0.000000	416	0	428	46552
GCfix_001881	0.13373	0.044712	0.00000	0.000000	414	0	420	45472
GCall_003038	0.13373	0.044735	0.00000	0.000000	414	0	418	45302
GCfix_003995	0.13340	0.044640	0.00000	0.000000	413	0	426	46322
GCfix_011877	0.13308	0.044566	0.00000	0.000000	412	0	418	45370
GCfix_006517	0.13114	0.043816	0.00000	0.000000	406	0	410	44312
GCall_004494	0.13114	0.043819	0.00000	0.000000	406	0	412	44618
GCfix_001010	0.13017	0.043716	0.00000	0.000000	403	0	412	44860
GCfix_009682	0.12888	0.043231	0.00000	0.000000	399	0	406	44056
GCall_002038	0.12888	0.043372	0.00000	0.000000	399	0	408	44584
GCall_011899	0.12824	0.043049	0.00000	0.000000	397	0	406	44246
GCall_003805	0.12824	0.043318	0.00000	0.000000	397	0	408	44904
GCfix_003910	0.12791	0.042703	0.00000	0.000000	396	0	398	42934
GCall_011744	0.12759	0.042557	0.00000	0.000000	395	0	402	43470
GCall_009880	0.12759	0.042433	0.00000	0.000000	395	0	404	43650
GCfix_009767	0.12727	0.042189	0.00000	0.000000	394	0	400	43058
GCfix_000672	0.12727	0.042551	0.00000	0.000000	394	0	404	43890
GCall_007045	0.12727	0.042508	0.00000	0.000000	394	0	402	43484
GCall_004773	0.12727	0.042444	0.00000	0.000000	394	0	400	43170
GCfix_009396	0.12694	0.040183	0.00000	0.000000	393	0	396	40560
GCall_010923	0.12694	0.042356	0.00000	0.000000	393	0	400	43210
GCall_003518	0.12694	0.042161	0.00000	0.000000	393	0	396	42518
GCfix_008712	0.12662	0.042502	0.00000	0.000000	392	0	398	43286
GCfix_002668	0.12630	0.042391	0.00000	0.000000	391	0	404	43998
GCall_003968	0.12630	0.042265	0.00000	0.000000	391	0	396	42918
GCfix_005371	0.12533	0.041813	0.00000	0.000000	388	0	394	42570
GCfix_003461	0.12533	0.041926	0.00000	0.000000	388	0	394	42722
GCfix_002162	0.12533	0.042016	0.00000	0.000000	388	0	396	43018
GCfix_000614	0.12533	0.041870	0.00000	0.000000	388	0	398	43046
GCfix_001681	0.12436	0.041480	0.00000	0.000000	385	0	388	41862
GCfix_003979	0.12404	0.041570	0.00000	0.000000	384	0	388	42104
GCall_011315	0.12339	0.041270	0.00000	0.000000	382	0	388	42004
GCfix_004814	0.12307	0.041159	0.00000	0.000000	381	0	390	42304
GCfix_004364	0.12275	0.040813	0.00000	0.000000	380	0	384	41308
GCall_010069	0.12275	0.040815	0.00000	0.000000	380	0	388	41908
GCall_004213	0.12275	0.040947	0.00000	0.000000	380	0	386	41742
GCfix_010820	0.12242	0.040898	0.00000	0.000000	379	0	386	41726
GCfix_011057	0.12210	0.041203	0.00000	0.000000	378	0	384	42004
GCall_008633	0.12210	0.040910	0.00000	0.000000	378	0	386	41950
GCfix_004354	0.12178	0.040874	0.00000	0.000000	377	0	386	42114
GCall_000610	0.12178	0.040621	0.00000	0.000000	377	0	382	41314
GCfix_007692	0.12145	0.040778	0.00000	0.000000	376	0	380	41294
GCfix_006967	0.12113	0.040398	0.00000	0.000000	375	0	378	40808
GCfix_001510	0.12113	0.040605	0.00000	0.000000	375	0	382	41446
GCall_003292	0.12113	0.040458	0.00000	0.000000	375	0	384	41586
GCfix_007512	0.12016	0.040200	0.00000	0.000000	372	0	378	40994
GCall_002013	0.12016	0.040122	0.00000	0.000000	372	0	378	40878
GCfix_007492	0.11984	0.040210	0.00000	0.000000	371	0	380	41368
GCfix_003248	0.11984	0.040199	0.00000	0.000000	371	0	378	41118
GCall_005327	0.11984	0.040121	0.00000	0.000000	371	0	376	40778
GCfix_010434	0.11952	0.040098	0.00000	0.000000	370	0	382	41702
GCall_008310	0.11952	0.039768	0.00000	0.000000	370	0	374	40270
GCfix_004928	0.11887	0.040024	0.00000	0.000000	368	0	374	40924
GCall_001493	0.11887	0.039718	0.00000	0.000000	368	0	372	40212
GCfix_011247	0.11855	0.039450	0.00000	0.000000	367	0	370	39792
GCfix_006512	0.11855	0.039949	0.00000	0.000000	367	0	378	41398
GCfix_009153	0.11822	0.039866	0.00000	0.000000	366	0	378	41462
GCfix_006134	0.11790	0.039673	0.00000	0.000000	365	0	370	40356
GCall_009033	0.11790	0.039552	0.00000	0.000000	365	0	370	40170
GCall_007835	0.11790	0.039279	0.00000	0.000000	365	0	378	40924
GCall_000459	0.11790	0.038583	0.00000	0.000000	365	0	374	39744
GCall_004085	0.11758	0.039010	0.00000	0.000000	364	0	372	39996
GCall_003902	0.11758	0.039524	0.00000	0.000000	364	0	368	40064
GCfix_003352	0.11725	0.039231	0.00000	0.000000	363	0	370	40096
GCfix_002122	0.11725	0.039495	0.00000	0.000000	363	0	368	40180
GCfix_001552	0.11693	0.039024	0.00000	0.000000	362	0	366	39508
GCall_000860	0.11693	0.039264	0.00000	0.000000	362	0	370	40292
GCfix_006872	0.11661	0.038933	0.00000	0.000000	361	0	366	39578
GCfix_003924	0.11661	0.038648	0.00000	0.000000	361	0	370	39806
GCfix_009248	0.11596	0.038724	0.00000	0.000000	359	0	368	39910
GCall_004981	0.11596	0.038846	0.00000	0.000000	359	0	368	40008
GCfix_008722	0.11564	0.038699	0.00000	0.000000	358	0	364	39528
GCall_009882	0.11564	0.038529	0.00000	0.000000	358	0	366	39666
GCall_006695	0.11564	0.038944	0.00000	0.000000	358	0	372	40880
GCfix_004825	0.11532	0.038559	0.00000	0.000000	357	0	366	39684
GCfix_006749	0.11499	0.038280	0.00000	0.000000	356	0	360	38816
GCall_005676	0.11435	0.038165	0.00000	0.000000	354	0	364	39324
GCfix_005829	0.11402	0.038380	0.00000	0.000000	353	0	360	39342
GCall_011471	0.11402	0.038308	0.00000	0.000000	353	0	358	38822
GCall_008285	0.11402	0.038120	0.00000	0.000000	353	0	358	38836
GCall_005303	0.11402	0.038126	0.00000	0.000000	353	0	358	38812
GCall_004061	0.11402	0.038347	0.00000	0.000000	353	0	358	39040
GCfix_003565	0.11370	0.038003	0.00000	0.000000	352	0	356	38504
GCfix_001486	0.11370	0.038231	0.00000	0.000000	352	0	358	38994
GCall_009723	0.11370	0.038014	0.00000	0.000000	352	0	356	38584
GCall_008298	0.11370	0.038114	0.00000	0.000000	352	0	356	38674
GCall_004876	0.11370	0.037808	0.00000	0.000000	352	0	358	38590
GCall_000011	0.11370	0.038139	0.00000	0.000000	352	0	360	39208
GCall_011080	0.11338	0.037616	0.00000	0.000000	351	0	356	38226
GCall_006861	0.11338	0.037665	0.00000	0.000000	351	0	362	39046
GCall_003089	0.11338	0.038023	0.00000	0.000000	351	0	356	38740
GCall_011889	0.11273	0.037747	0.00000	0.000000	349	0	356	38764
GCall_009012	0.11273	0.037968	0.00000	0.000000	349	0	354	38660
GCfix_009792	0.11241	0.037811	0.00000	0.000000	348	0	356	38814
GCfix_004351	0.11209	0.037354	0.00000	0.000000	347	0	352	38046
GCall_009627	0.11209	0.037416	0.00000	0.000000	347	0	356	38568
GCall_005126	0.11176	0.037329	0.00000	0.000000	346	0	354	38414
GCfix_007482	0.11144	0.037507	0.00000	0.000000	345	0	356	38958
GCall_002279	0.11144	0.037019	0.00000	0.000000	345	0	348	37404
GCfix_010762	0.11112	0.037316	0.00000	0.000000	344	0	348	37882
GCfix_005653	0.11112	0.037385	0.00000	0.000000	344	0	352	38410
GCall_000296	0.11112	0.037285	0.00000	0.000000	344	0	352	38346
GCfix_010025	0.11015	0.036906	0.00000	0.000000	341	0	346	37624
GCfix_003832	0.10982	0.036755	0.00000	0.000000	340	0	348	37822
GCall_010649	0.10982	0.037045	0.00000	0.000000	340	0	348	38108
GCfix_008668	0.10950	0.036681	0.00000	0.000000	339	0	346	37562
GCall_004576	0.10950	0.036766	0.00000	0.000000	339	0	346	37578
GCall_001433	0.10918	0.036371	0.00000	0.000000	338	0	344	37204
GCall_008872	0.10886	0.036691	0.00000	0.000000	337	0	346	37914
GCfix_011817	0.10853	0.036375	0.00000	0.000000	336	0	342	37046
GCfix_009774	0.10853	0.036495	0.00000	0.000000	336	0	346	37850
GCall_009439	0.10853	0.036467	0.00000	0.000000	336	0	344	37550
GCall_006565	0.10853	0.036365	0.00000	0.000000	336	0	342	37148
GCfix_009292	0.10789	0.035762	0.00000	0.000000	334	0	340	36538
GCall_003379	0.10789	0.036298	0.00000	0.000000	334	0	338	36862
GCall_000632	0.10789	0.036053	0.00000	0.000000	334	0	340	36782
GCfix_003237	0.10756	0.036068	0.00000	0.000000	333	0	336	36488
GCall_008522	0.10756	0.035892	0.00000	0.000000	333	0	340	36770
GCfix_007557	0.10724	0.036162	0.00000	0.000000	332	0	342	37438
GCfix_004267	0.10724	0.035952	0.00000	0.000000	332	0	342	37246
GCall_001525	0.10724	0.035793	0.00000	0.000000	332	0	336	36322
GCfix_005996	0.10692	0.035616	0.00000	0.000000	331	0	334	35968
GCfix_005815	0.10595	0.035573	0.00000	0.000000	328	0	330	35808
GCall_005051	0.10595	0.035454	0.00000	0.000000	328	0	332	35960
GCfix_011225	0.10563	0.035355	0.00000	0.000000	327	0	334	36222
GCfix_006490	0.10530	0.035244	0.00000	0.000000	326	0	328	35544
GCfix_008380	0.10498	0.034840	0.00000	0.000000	325	0	328	35290
GCfix_001675	0.10498	0.035095	0.00000	0.000000	325	0	328	35454
GCall_003795	0.10498	0.035186	0.00000	0.000000	325	0	330	35894
GCfix_007744	0.10466	0.035262	0.00000	0.000000	324	0	334	36602
GCfix_001298	0.10466	0.035054	0.00000	0.000000	324	0	326	35354
GCall_010158	0.10466	0.035113	0.00000	0.000000	324	0	332	36210
GCfix_011050	0.10433	0.034769	0.00000	0.000000	323	0	328	35444
GCall_001878	0.10433	0.034866	0.00000	0.000000	323	0	328	35432
GCfix_009205	0.10401	0.035244	0.00000	0.000000	322	0	332	36646
GCfix_006841	0.10401	0.034873	0.00000	0.000000	322	0	328	35632
GCfix_001195	0.10369	0.034780	0.00000	0.000000	321	0	324	35188
GCall_011148	0.10369	0.034904	0.00000	0.000000	321	0	328	35954
GCall_010899	0.10304	0.034313	0.00000	0.000000	319	0	326	35226
GCall_006477	0.10304	0.034459	0.00000	0.000000	319	0	322	34838
GCfix_002669	0.10272	0.034486	0.00000	0.000000	318	0	320	34786
GCall_004014	0.10272	0.034273	0.00000	0.000000	318	0	322	34798
GCall_009244	0.10240	0.034260	0.00000	0.000000	317	0	324	35228
GCfix_010331	0.10207	0.034480	0.00000	0.000000	316	0	322	35244
GCall_008719	0.10207	0.033935	0.00000	0.000000	316	0	318	34178
GCfix_007435	0.10175	0.034010	0.00000	0.000000	315	0	322	34834
GCfix_005219	0.10175	0.034038	0.00000	0.000000	315	0	320	34640
GCfix_003906	0.10175	0.034040	0.00000	0.000000	315	0	322	35018
GCall_011151	0.10175	0.034356	0.00000	0.000000	315	0	322	35274
GCall_002470	0.10175	0.033760	0.00000	0.000000	315	0	318	34128
GCfix_002595	0.10110	0.033754	0.00000	0.000000	313	0	320	34632
GCall_011851	0.10110	0.033801	0.00000	0.000000	313	0	320	34626
GCfix_008180	0.10078	0.033531	0.00000	0.000000	312	0	316	34024
GCfix_002715	0.10078	0.033846	0.00000	0.000000	312	0	318	34746
GCfix_011533	0.10046	0.033583	0.00000	0.000000	311	0	320	34744
GCall_006000	0.10046	0.033598	0.00000	0.000000	311	0	314	33980
GCall_003696	0.10046	0.033639	0.00000	0.000000	311	0	316	34326
GCfix_007942	0.09949	0.033414	0.00000	0.000000	308	0	308	33414
GCfix_011351	0.09917	0.033319	0.00000	0.000000	307	0	316	34478
GCfix_010500	0.09917	0.033197	0.00000	0.000000	307	0	318	34532
GCfix_007034	0.09917	0.033352	0.00000	0.000000	307	0	316	34476
GCall_003916	0.09917	0.033410	0.00000	0.000000	307	0	312	34136
GCall_000608	0.09917	0.033142	0.00000	0.000000	307	0	314	33996
GCfix_008163	0.09884	0.033297	0.00000	0.000000	306	0	314	34436
GCfix_010986	0.09852	0.032948	0.00000	0.000000	305	0	308	33398
GCall_007497	0.09852	0.032952	0.00000	0.000000	305	0	308	33298
GCfix_005127	0.09820	0.032760	0.00000	0.000000	304	0	306	32994
GCfix_002105	0.09820	0.032650	0.00000	0.000000	304	0	311	33462
GCall_000634	0.09787	0.032748	0.00000	0.000000	303	0	308	33390
GCall_004840	0.09723	0.032406	0.00000	0.000000	301	0	304	32792
GCall_004726	0.09690	0.032548	0.00000	0.000000	300	0	308	33456
GCall_004208	0.09690	0.032664	0.00000	0.000000	300	0	308	33732
GCall_002405	0.09690	0.032714	0.00000	0.000000	300	0	310	33982
GCfix_008095	0.09626	0.032163	0.00000	0.000000	298	0	304	32932
GCfix_006254	0.09594	0.032408	0.00000	0.000000	297	0	298	32558
GCfix_002479	0.09594	0.031989	0.00000	0.000000	297	0	300	32364
GCfix_004724	0.09497	0.031605	0.00000	0.000000	294	0	298	32138
GCall_003551	0.09497	0.031771	0.00000	0.000000	294	0	298	32274
GCall_007684	0.09464	0.031650	0.00000	0.000000	293	0	296	32034
GCfix_009534	0.09432	0.031686	0.00000	0.000000	292	0	300	32736
GCall_002135	0.09400	0.031254	0.00000	0.000000	291	0	292	31368
GCfix_001380	0.09367	0.031354	0.00000	0.000000	290	0	296	32150
GCall_011180	0.09367	0.031540	0.00000	0.000000	290	0	298	32608
GCfix_009230	0.09335	0.031371	0.00000	0.000000	289	0	296	32316
GCall_010694	0.09335	0.031255	0.00000	0.000000	289	0	294	31888
GCall_009905	0.09335	0.031122	0.00000	0.000000	289	0	292	31538
GCfix_009764	0.09303	0.031099	0.00000	0.000000	288	0	296	32054
GCfix_007755	0.09271	0.030994	0.00000	0.000000	287	0	290	31372
GCall_003213	0.09271	0.031035	0.00000	0.000000	287	0	292	31720
GCfix_009840	0.09238	0.031338	0.00000	0.000000	286	0	302	33470
GCall_006279	0.09238	0.030937	0.00000	0.000000	286	0	290	31494
GCall_010012	0.09206	0.031027	0.00000	0.000000	285	0	294	32352
GCall_008650	0.09206	0.030722	0.00000	0.000000	285	0	288	31140
GCfix_008379	0.09174	0.030890	0.00000	0.000000	284	0	290	31660
GCfix_003351	0.09174	0.030698	0.00000	0.000000	284	0	288	31192
GCfix_000633	0.09174	0.030692	0.00000	0.000000	284	0	290	31484
GCall_003424	0.09174	0.030628	0.00000	0.000000	284	0	288	31162
GCfix_003389	0.09141	0.030409	0.00000	0.000000	283	0	290	31284
GCall_009688	0.09141	0.030614	0.00000	0.000000	283	0	284	30730
GCall_008351	0.09141	0.030484	0.00000	0.000000	283	0	286	30840
GCfix_010075	0.09109	0.030301	0.00000	0.000000	282	0	284	30570
GCfix_007545	0.09109	0.030572	0.00000	0.000000	282	0	288	31244
GCfix_003459	0.09109	0.030328	0.00000	0.000000	282	0	284	30568
GCfix_000122	0.09077	0.030539	0.00000	0.000000	281	0	292	31956
GCfix_006035	0.09044	0.030767	0.00000	0.000000	280	0	290	32168
GCfix_001746	0.09044	0.030554	0.00000	0.000000	280	0	286	31390
GCall_004125	0.09044	0.030337	0.00000	0.000000	280	0	284	30836
GCall_002094	0.09044	0.030553	0.00000	0.000000	280	0	286	31388
GCfix_008718	0.09012	0.030093	0.00000	0.000000	279	0	282	30472
GCall_008397	0.09012	0.030275	0.00000	0.000000	279	0	288	31418
GCall_005771	0.09012	0.030160	0.00000	0.000000	279	0	284	30846
GCall_003773	0.09012	0.030108	0.00000	0.000000	279	0	280	30216
GCfix_003433	0.08980	0.030070	0.00000	0.000000	278	0	282	30604
GCall_009976	0.08980	0.030288	0.00000	0.000000	278	0	282	30820
GCall_007067	0.08980	0.029860	0.00000	0.000000	278	0	286	30850
GCall_011248	0.08947	0.029869	0.00000	0.000000	277	0	286	30964
GCall_004468	0.08915	0.029819	0.00000	0.000000	276	0	278	30086
GCall_002196	0.08915	0.029677	0.00000	0.000000	276	0	282	30544
GCfix_001579	0.08883	0.031714	0.00000	0.000000	275	0	312	37240
GCfix_010822	0.08851	0.029819	0.00000	0.000000	274	0	280	30554
GCfix_000328	0.08818	0.027626	0.00000	0.000000	273	0	276	28034
GCall_008607	0.08818	0.029550	0.00000	0.000000	273	0	274	29700
GCfix_009277	0.08754	0.029230	0.00000	0.000000	271	0	280	30482
GCfix_001921	0.08657	0.028828	0.00000	0.000000	268	0	270	29014
GCfix_006033	0.08624	0.028931	0.00000	0.000000	267	0	278	30374
GCall_007462	0.08624	0.028702	0.00000	0.000000	267	0	268	28852
GCall_004995	0.08624	0.028828	0.00000	0.000000	267	0	276	29974
GCall_001164	0.08592	0.028510	0.00000	0.000000	266	0	270	29014
GCfix_011770	0.08528	0.028227	0.00000	0.000000	264	0	268	28684
GCall_004965	0.08528	0.028590	0.00000	0.000000	264	0	272	29734
GCall_004776	0.08495	0.028341	0.00000	0.000000	263	0	272	29356
GCfix_004079	0.08463	0.028458	0.00000	0.000000	262	0	272	29746
GCall_009600	0.08463	0.028332	0.00000	0.000000	262	0	266	28802
GCall_001903	0.08463	0.028212	0.00000	0.000000	262	0	264	28482
GCfix_007286	0.08431	0.028441	0.00000	0.000000	261	0	268	29332
GCfix_009017	0.08398	0.027683	0.00000	0.000000	260	0	262	27908
GCall_009612	0.08398	0.027878	0.00000	0.000000	260	0	264	28372
GCall_008869	0.08398	0.028068	0.00000	0.000000	260	0	264	28592
GCall_008840	0.08398	0.027996	0.00000	0.000000	260	0	264	28448
GCfix_008258	0.08366	0.027958	0.00000	0.000000	259	0	260	28108
GCfix_003779	0.08366	0.027978	0.00000	0.000000	259	0	260	28128
GCfix_000485	0.08366	0.028046	0.00000	0.000000	259	0	262	28416
GCfix_006854	0.08334	0.028105	0.00000	0.000000	258	0	270	29702
GCall_009888	0.08334	0.027765	0.00000	0.000000	258	0	260	28008
GCall_006055	0.08334	0.027909	0.00000	0.000000	258	0	264	28696
GCall_005538	0.08334	0.027598	0.00000	0.000000	258	0	260	27898
GCall_004037	0.08334	0.027846	0.00000	0.000000	258	0	260	28046
GCfix_007239	0.08301	0.027563	0.00000	0.000000	257	0	260	27908
GCall_003487	0.08301	0.027824	0.00000	0.000000	257	0	262	28486
GCall_011298	0.08269	0.027547	0.00000	0.000000	256	0	264	28528
GCfix_007615	0.08237	0.027376	0.00000	0.000000	255	0	260	27966
GCfix_010314	0.08172	0.027609	0.00000	0.000000	253	0	262	28928
GCfix_001594	0.08108	0.027190	0.00000	0.000000	251	0	252	27308
GCfix_007930	0.08075	0.027005	0.00000	0.000000	250	0	254	27474
GCfix_002881	0.08075	0.026999	0.00000	0.000000	250	0	256	27736
GCfix_001825	0.08043	0.027252	0.00000	0.000000	249	0	254	27930
GCall_007076	0.08043	0.026882	0.00000	0.000000	249	0	252	27262
GCall_006349	0.08043	0.027140	0.00000	0.000000	249	0	258	28376
GCall_009388	0.07978	0.026521	0.00000	0.000000	247	0	252	27202
GCall_006949	0.07978	0.026879	0.00000	0.000000	247	0	250	27264
GCfix_001630	0.07882	0.026505	0.00000	0.000000	244	0	250	27308
GCall_001445	0.07882	0.026354	0.00000	0.000000	244	0	247	26804
GCall_001046	0.07849	0.026162	0.00000	0.000000	243	0	246	26504
GCfix_000710	0.07817	0.026254	0.00000	0.000000	242	0	250	27212
GCall_006580	0.07785	0.026334	0.00000	0.000000	241	0	244	26748
GCfix_003573	0.07752	0.025824	0.00000	0.000000	240	0	244	26278
GCall_001390	0.07720	0.025818	0.00000	0.000000	239	0	240	25968
GCall_003628	0.07655	0.025568	0.00000	0.000000	237	0	240	25978
GCall_007245	0.07526	0.025221	0.00000	0.000000	233	0	236	25638
GCall_000303	0.07526	0.025344	0.00000	0.000000	233	0	240	26258
GCfix_002612	0.07494	0.025266	0.00000	0.000000	232	0	240	26294
GCall_006762	0.07462	0.024970	0.00000	0.000000	231	0	234	25356
GCall_000466	0.07462	0.024840	0.00000	0.000000	231	0	236	25484
GCall_011936	0.07429	0.024434	0.00000	0.000000	230	0	234	24904
GCall_002499	0.07397	0.024982	0.00000	0.000000	229	0	236	25952
GCall_005173	0.07365	0.024553	0.00000	0.000000	228	0	232	25012
GCall_000024	0.07268	0.024685	0.00000	0.000000	225	0	230	25402
GCfix_009530	0.07139	0.023736	0.00000	0.000000	221	0	224	24152
GCfix_008946	0.07042	0.023261	0.00000	0.000000	218	0	222	23770
GCall_007142	0.06945	0.023224	0.00000	0.000000	215	0	218	23640
GCfix_009836	0.06913	0.023271	0.00000	0.000000	214	0	218	23836
GCfix_001424	0.06913	0.023054	0.00000	0.000000	214	0	216	23312
GCfix_007726	0.06848	0.022743	0.00000	0.000000	212	0	216	23228
GCfix_000310	0.06816	0.022870	0.00000	0.000000	211	0	212	23020
GCall_003527	0.06751	0.022377	0.00000	0.000000	209	0	210	22392
GCfix_001349	0.06719	0.022476	0.00000	0.000000	208	0	210	22736
GCall_010527	0.06686	0.022342	0.00000	0.000000	207	0	210	22760
GCall_005171	0.06686	0.022292	0.00000	0.000000	207	0	208	22406
GCfix_009000	0.06622	0.021965	0.00000	0.000000	205	0	210	22602
GCfix_008799	0.06622	0.022174	0.00000	0.000000	205	0	206	22290
GCfix_000494	0.06557	0.021772	0.00000	0.000000	203	0	204	21890
GCall_009169	0.06557	0.021316	0.00000	0.000000	203	0	208	21880
GCall_008705	0.06460	0.021658	0.00000	0.000000	200	0	202	21884
GCall_008239	0.06460	0.021422	0.00000	0.000000	200	0	200	21422
GCfix_006164	0.06396	0.021448	0.00000	0.000000	198	0	206	22548
GCfix_003530	0.06396	0.021273	0.00000	0.000000	198	0	202	21810
GCall_001613	0.06396	0.021469	0.00000	0.000000	198	0	202	21994
GCfix_002975	0.06299	0.021204	0.00000	0.000000	195	0	198	21654
GCall_001646	0.06266	0.021143	0.00000	0.000000	194	0	202	22168
GCfix_009466	0.06234	0.020781	0.00000	0.000000	193	0	198	21354
GCfix_011289	0.06137	0.020402	0.00000	0.000000	190	0	194	20900
GCfix_010919	0.06137	0.020449	0.00000	0.000000	190	0	194	20926
GCfix_009109	0.06137	0.020549	0.00000	0.000000	190	0	192	20784
GCfix_001855	0.06105	0.020189	0.00000	0.000000	189	0	192	20572
GCall_007967	0.06105	0.020432	0.00000	0.000000	189	0	192	20808
GCall_010616	0.06073	0.020193	0.00000	0.000000	188	0	190	20462
GCfix_006001	0.06040	0.019748	0.00000	0.000000	187	0	188	19898
GCall_007752	0.06040	0.020199	0.00000	0.000000	187	0	190	20536
GCfix_007895	0.05976	0.020048	0.00000	0.000000	185	0	190	20694
GCall_000900	0.05911	0.019628	0.00000	0.000000	183	0	188	20240
GCfix_001301	0.05814	0.019470	0.00000	0.000000	180	0	182	19730
GCall_010153	0.05814	0.019501	0.00000	0.000000	180	0	182	19740
GCall_011139	0.05782	0.019411	0.00000	0.000000	179	0	184	20066
GCall_005302	0.05750	0.019306	0.00000	0.000000	178	0	180	19538
GCfix_008205	0.05620	0.018413	0.00000	0.000000	174	0	176	18640
GCall_002343	0.05588	0.018714	0.00000	0.000000	173	0	178	19358
GCall_007257	0.05459	0.018602	0.00000	0.000000	169	0	174	19352
GCall_002015	0.05459	0.018298	0.00000	0.000000	169	0	172	18748
GCfix_002692	0.05394	0.018128	0.00000	0.000000	167	0	170	18466
GCall_000675	0.05330	0.017676	0.00000	0.000000	165	0	168	18126
GCfix_009551	0.05297	0.017790	0.00000	0.000000	164	0	168	18390
GCall_010100	0.05071	0.017012	0.00000	0.000000	157	0	161	17550
GCall_007775	0.05007	0.016652	0.00000	0.000000	155	0	156	16802
GCall_010980	0.04974	0.016724	0.00000	0.000000	154	0	156	16886
GCfix_010239	0.04781	0.016017	0.00000	0.000000	148	0	150	16284
GCall_009881	0.04716	0.015579	0.00000	0.000000	146	0	150	16064
GCall_001761	0.04554	0.015002	0.00000	0.000000	141	0	142	15152
GCall_008616	0.04199	0.014091	0.00000	0.000000	130	0	132	14358
GCall_000918	0.04102	0.013706	0.00000	0.000000	127	0	128	13816
GCfix_000986	0.03844	0.012832	0.00000	0.000000	119	0	122	13224
GCfix_006950	0.03812	0.012747	0.00000	0.000000	118	0	122	13198
GCfix_001888	0.03682	0.012157	0.00000	0.000000	114	0	116	12430
GCfix_004684	0.03069	0.010156	0.00000	0.000000	95	0	96	10264
GCall_011555	0.03036	0.010092	0.00000	0.000000	94	0	94	10092
GCfix_006488	0.02907	0.009764	0.00000	0.000000	90	0	92	10064
GCall_005506	0.02907	0.009610	0.00000	0.000000	90	0	90	9610
GCfix_008415	0.02649	0.008848	0.00000	0.000000	82	0	82	8848
GCall_004607	0.02649	0.008832	0.00000	0.000000	82	0	82	8832
GCfix_008283	0.02520	0.008664	0.00000	0.000000	78	0	80	8964
GCall_010726	0.02520	0.008378	0.00000	0.000000	78	0	78	8378
GCall_008713	0.02229	0.007364	0.00000	0.000000	69	0	70	7514
GCall_005495	0.02196	0.007383	0.00000	0.000000	68	0	70	7644
GCfix_008688	0.02132	0.004004	0.00000	0.000000	66	0	66	4004
GCall_005365	0.02100	0.007044	0.00000	0.000000	65	0	66	7194
GCfix_000765	0.02067	0.006910	0.00000	0.000000	64	0	66	7136
GCall_001837	0.02067	0.006694	0.00000	0.000000	64	0	66	6828
GCfix_007293	0.02003	0.006770	0.00000	0.000000	62	0	64	7070
GCall_000907	0.01744	0.005798	0.00000	0.000000	54	0	54	5798
GCall_011209	0.01712	0.005731	0.00000	0.000000	53	0	54	5848
GCall_005098	0.01712	0.005810	0.00000	0.000000	53	0	56	6260
GCall_001437	0.01680	0.005616	0.00000	0.000000	52	0	52	5616
GCfix_006125	0.01615	0.005476	0.00000	0.000000	50	0	50	5476
GCall_002611	0.01550	0.005266	0.00000	0.000000	48	0	48	5266
GCfix_009808	0.01486	0.004960	0.00000	0.000000	46	0	46	4960
GCfix_000069	0.01486	0.004982	0.00000	0.000000	46	0	46	4982
GCall_009466	0.01486	0.004956	0.00000	0.000000	46	0	48	5256
GCall_002514	0.01421	0.004750	0.00000	0.000000	44	0	44	4750
GCall_007634	0.01389	0.004620	0.00000	0.000000	43	0	44	4770
GCfix_003174	0.01357	0.004524	0.00000	0.000000	42	0	42	4524
GCall_011761	0.01357	0.004578	0.00000	0.000000	42	0	44	4842
GCfix_007432	0.01292	0.004270	0.00000	0.000000	40	0	40	4270
GCall_004556	0.01292	0.004262	0.00000	0.000000	40	0	40	4262
GCfix_007861	0.01260	0.003909	0.00000	0.000000	39	0	40	4032
GCfix_005295	0.01227	0.004094	0.00000	0.000000	38	0	38	4094
GCall_011691	0.01163	0.003888	0.00000	0.000000	36	0	38	4108
GCall_002381	0.01131	0.003691	0.00000	0.000000	35	0	36	3808
GCall_003168	0.01098	0.003650	0.00000	0.000000	34	0	34	3650
GCfix_000982	0.01066	0.003566	0.00000	0.000000	33	0	34	3682
GCfix_009409	0.01034	0.003440	0.00000	0.000000	32	0	32	3440
GCfix_006932	0.01034	0.003437	0.00000	0.000000	32	0	34	3672
GCall_002020	0.01034	0.003394	0.00000	0.000000	32	0	32	3394
GCfix_009368	0.01001	0.003216	0.00000	0.000000	31	0	32	3324
GCfix_007100	0.01001	0.003201	0.00000	0.000000	31	0	32	3312
GCfix_008161	0.00969	0.003240	0.00000	0.000000	30	0	30	3240
GCfix_001331	0.00969	0.003128	0.00000	0.000000	30	0	30	3128
GCall_003537	0.00937	0.003143	0.00000	0.000000	29	0	30	3252
GCfix_011680	0.00904	0.003014	0.00000	0.000000	28	0	28	3014
GCfix_008239	0.00904	0.002796	0.00000	0.000000	28	0	28	2796
GCfix_008175	0.00904	0.003022	0.00000	0.000000	28	0	28	3022
GCfix_007858	0.00904	0.003026	0.00000	0.000000	28	0	28	3026
GCfix_001025	0.00904	0.002986	0.00000	0.000000	28	0	28	2986
GCall_005091	0.00904	0.003118	0.00000	0.000000	28	0	28	3118
GCall_008253	0.00872	0.002690	0.00000	0.000000	27	0	28	2800
GCfix_008544	0.00840	0.002714	0.00000	0.000000	26	0	26	2714
GCall_008864	0.00840	0.002808	0.00000	0.000000	26	0	26	2808
GCall_006946	0.00840	0.002828	0.00000	0.000000	26	0	26	2828
GCall_006623	0.00840	0.002800	0.00000	0.000000	26	0	26	2800
GCall_003266	0.00840	0.002802	0.00000	0.000000	26	0	26	2802
GCall_002336	0.00840	0.002772	0.00000	0.000000	26	0	26	2772
GCall_002169	0.00840	0.002798	0.00000	0.000000	26	0	26	2798
GCfix_008792	0.00808	0.002738	0.00000	0.000000	25	0	26	2888
GCall_005623	0.00808	0.002696	0.00000	0.000000	25	0	26	2804
GCfix_011381	0.00775	0.002584	0.00000	0.000000	24	0	24	2584
GCfix_005618	0.00775	0.002590	0.00000	0.000000	24	0	24	2590
GCall_007900	0.00775	0.002676	0.00000	0.000000	24	0	24	2676
GCall_007852	0.00775	0.002595	0.00000	0.000000	24	0	26	2820
GCfix_008612	0.00743	0.002480	0.00000	0.000000	23	0	24	2596
GCfix_007366	0.00711	0.002370	0.00000	0.000000	22	0	22	2370
GCfix_005470	0.00711	0.002326	0.00000	0.000000	22	0	22	2326
GCall_007674	0.00711	0.002350	0.00000	0.000000	22	0	22	2350
GCall_003881	0.00711	0.002370	0.00000	0.000000	22	0	22	2370
GCall_000166	0.00711	0.002236	0.00000	0.000000	22	0	22	2236
GCfix_011629	0.00678	0.002264	0.00000	0.000000	21	0	22	2382
GCall_004934	0.00678	0.002304	0.00000	0.000000	21	0	22	2454
GCall_003109	0.00678	0.001898	0.00000	0.000000	21	0	22	2008
GCall_001408	0.00678	0.002162	0.00000	0.000000	21	0	22	2272
GCfix_010995	0.00646	0.002148	0.00000	0.000000	20	0	20	2148
GCfix_010122	0.00646	0.002158	0.00000	0.000000	20	0	20	2158
GCfix_009246	0.00646	0.002072	0.00000	0.000000	20	0	22	2330
GCfix_009200	0.00646	0.002160	0.00000	0.000000	20	0	20	2160
GCfix_003478	0.00646	0.002090	0.00000	0.000000	20	0	20	2090
GCfix_002416	0.00646	0.002180	0.00000	0.000000	20	0	20	2180
GCall_010909	0.00646	0.002160	0.00000	0.000000	20	0	20	2160
GCall_008851	0.00646	0.002130	0.00000	0.000000	20	0	20	2130
GCall_007218	0.00646	0.002160	0.00000	0.000000	20	0	20	2160
GCall_002225	0.00646	0.001964	0.00000	0.000000	20	0	20	1964
GCall_000894	0.00646	0.002160	0.00000	0.000000	20	0	20	2160
GCall_000834	0.00646	0.002152	0.00000	0.000000	20	0	20	2152
GCall_000752	0.00646	0.002142	0.00000	0.000000	20	0	20	2142
GCall_009697	0.00614	0.001946	0.00000	0.000000	19	0	20	2024
GCall_000946	0.00614	0.002056	0.00000	0.000000	19	0	20	2178
GCfix_009278	0.00581	0.001746	0.00000	0.000000	18	0	20	1978
GCfix_005217	0.00581	0.001938	0.00000	0.000000	18	0	18	1938
GCfix_000253	0.00581	0.001934	0.00000	0.000000	18	0	18	1934
GCall_009395	0.00581	0.001938	0.00000	0.000000	18	0	18	1938
GCall_006666	0.00581	0.001642	0.00000	0.000000	18	0	18	1642
GCall_006291	0.00581	0.001942	0.00000	0.000000	18	0	18	1942
GCfix_010027	0.00549	0.001556	0.00000	0.000000	17	0	18	1706
GCfix_008301	0.00549	0.001262	0.00000	0.000000	17	0	18	1412
GCfix_006716	0.00549	0.001845	0.00000	0.000000	17	0	18	1962
GCfix_006691	0.00517	0.001666	0.00000	0.000000	16	0	16	1666
GCfix_003447	0.00517	0.001730	0.00000	0.000000	16	0	16	1730
GCfix_002865	0.00517	0.001718	0.00000	0.000000	16	0	16	1718
GCfix_002364	0.00517	0.001454	0.00000	0.000000	16	0	16	1454
GCfix_002314	0.00517	0.001726	0.00000	0.000000	16	0	16	1726
GCfix_000662	0.00517	0.001726	0.00000	0.000000	16	0	16	1726
GCall_010052	0.00517	0.001548	0.00000	0.000000	16	0	16	1548
GCall_009163	0.00517	0.001724	0.00000	0.000000	16	0	16	1724
GCall_006696	0.00517	0.001722	0.00000	0.000000	16	0	16	1722
GCall_006409	0.00517	0.001726	0.00000	0.000000	16	0	16	1726
GCall_002957	0.00517	0.001724	0.00000	0.000000	16	0	16	1724
GCall_002734	0.00517	0.001722	0.00000	0.000000	16	0	16	1722
GCall_002046	0.00517	0.001632	0.00000	0.000000	16	0	16	1632
GCfix_005658	0.00485	0.001620	0.00000	0.000000	15	0	16	1730
GCfix_011128	0.00452	0.001244	0.00000	0.000000	14	0	14	1244
GCfix_010952	0.00452	0.001504	0.00000	0.000000	14	0	14	1504
GCfix_010907	0.00452	0.001424	0.00000	0.000000	14	0	14	1424
GCfix_010076	0.00452	0.001504	0.00000	0.000000	14	0	14	1504
GCfix_008339	0.00452	0.001436	0.00000	0.000000	14	0	14	1436
GCfix_008322	0.00452	0.001518	0.00000	0.000000	14	0	14	1518
GCfix_006640	0.00452	0.001488	0.00000	0.000000	14	0	14	1488
GCfix_006284	0.00452	0.001400	0.00000	0.000000	14	0	14	1400
GCall_011111	0.00452	0.001440	0.00000	0.000000	14	0	14	1440
GCall_004855	0.00452	0.001512	0.00000	0.000000	14	0	14	1512
GCall_003077	0.00452	0.001508	0.00000	0.000000	14	0	14	1508
GCall_002851	0.00452	0.001590	0.00000	0.000000	14	0	14	1590
GCfix_001327	0.00420	0.001436	0.00000	0.000000	13	0	14	1586
GCfix_010190	0.00388	0.001012	0.00000	0.000000	12	0	12	1012
GCfix_007077	0.00388	0.001296	0.00000	0.000000	12	0	12	1296
GCfix_004977	0.00388	0.001294	0.00000	0.000000	12	0	12	1294
GCall_011257	0.00388	0.001292	0.00000	0.000000	12	0	12	1292
GCall_010523	0.00388	0.001314	0.00000	0.000000	12	0	12	1314
GCall_009907	0.00388	0.001198	0.00000	0.000000	12	0	12	1198
GCall_008580	0.00388	0.001296	0.00000	0.000000	12	0	12	1296
GCall_006561	0.00388	0.001290	0.00000	0.000000	12	0	12	1290
GCall_005716	0.00388	0.001296	0.00000	0.000000	12	0	12	1296
GCall_003530	0.00388	0.001245	0.00000	0.000000	12	0	14	1410
GCall_000870	0.00388	0.001292	0.00000	0.000000	12	0	12	1292
GCall_000123	0.00388	0.001276	0.00000	0.000000	12	0	12	1276
GCfix_009515	0.00355	0.001188	0.00000	0.000000	11	0	11	1188
GCfix_008210	0.00355	0.001196	0.00000	0.000000	11	0	12	1312
GCfix_007818	0.00355	0.001230	0.00000	0.000000	11	0	12	1380
GCfix_001466	0.00355	0.001230	0.00000	0.000000	11	0	12	1380
GCall_008392	0.00355	0.001198	0.00000	0.000000	11	0	12	1316
GCfix_008952	0.00323	0.001078	0.00000	0.000000	10	0	10	1078
GCfix_007821	0.00323	0.001080	0.00000	0.000000	10	0	10	1080
GCfix_007384	0.00323	0.001072	0.00000	0.000000	10	0	10	1072
GCfix_004325	0.00323	0.000984	0.00000	0.000000	10	0	10	984
GCfix_003977	0.00323	0.001056	0.00000	0.000000	10	0	10	1056
GCfix_002651	0.00323	0.001076	0.00000	0.000000	10	0	10	1076
GCfix_000338	0.00323	0.001018	0.00000	0.000000	10	0	10	1018
GCall_011896	0.00323	0.001080	0.00000	0.000000	10	0	10	1080
GCall_008498	0.00323	0.001080	0.00000	0.000000	10	0	10	1080
GCall_008146	0.00323	0.001080	0.00000	0.000000	10	0	10	1080
GCall_007645	0.00323	0.001076	0.00000	0.000000	10	0	10	1076
GCall_006778	0.00323	0.000960	0.00000	0.000000	10	0	10	960
GCall_005373	0.00323	0.000920	0.00000	0.000000	10	0	10	920
GCall_003420	0.00323	0.001044	0.00000	0.000000	10	0	10	1044
GCall_000558	0.00323	0.001046	0.00000	0.000000	10	0	10	1046
GCfix_006416	0.00291	0.000966	0.00000	0.000000	9	0	10	1074
GCfix_004846	0.00291	0.000978	0.00000	0.000000	9	0	10	1092
GCall_008141	0.00291	0.000977	0.00000	0.000000	9	0	10	1094
GCall_000727	0.00291	0.001006	0.00000	0.000000	9	0	10	1156
GCfix_011795	0.00258	0.000864	0.00000	0.000000	8	0	8	864
GCfix_009039	0.00258	0.000640	0.00000	0.000000	8	0	8	640
GCfix_008425	0.00258	0.000860	0.00000	0.000000	8	0	8	860
GCfix_007241	0.00258	0.000864	0.00000	0.000000	8	0	8	864
GCfix_006223	0.00258	0.000764	0.00000	0.000000	8	0	8	764
GCfix_005482	0.00258	0.000864	0.00000	0.000000	8	0	8	864
GCfix_004141	0.00258	0.000862	0.00000	0.000000	8	0	8	862
GCfix_002761	0.00258	0.000486	0.00000	0.000000	8	0	8	486
GCfix_002574	0.00258	0.000848	0.00000	0.000000	8	0	8	848
GCfix_002516	0.00258	0.000864	0.00000	0.000000	8	0	8	864
GCfix_002438	0.00258	0.000854	0.00000	0.000000	8	0	8	854
GCfix_001713	0.00258	0.000862	0.00000	0.000000	8	0	8	862
GCfix_001516	0.00258	0.000864	0.00000	0.000000	8	0	8	864
GCfix_001044	0.00258	0.000692	0.00000	0.000000	8	0	8	692
GCall_010229	0.00258	0.000862	0.00000	0.000000	8	0	8	862
GCall_009970	0.00258	0.000862	0.00000	0.000000	8	0	8	862
GCall_009332	0.00258	0.000864	0.00000	0.000000	8	0	8	864
GCall_006679	0.00258	0.000864	0.00000	0.000000	8	0	8	864
GCall_002565	0.00258	0.000862	0.00000	0.000000	8	0	8	862
GCall_002345	0.00258	0.000800	0.00000	0.000000	8	0	8	800
GCall_001380	0.00258	0.000710	0.00000	0.000000	8	0	8	710
GCall_000703	0.00258	0.000864	0.00000	0.000000	8	0	8	864
GCall_005794	0.00226	0.000763	0.00000	0.000000	7	0	8	880
GCfix_011090	0.00194	0.000610	0.00000	0.000000	6	0	6	610
GCfix_010300	0.00194	0.000646	0.00000	0.000000	6	0	6	646
GCfix_010226	0.00194	0.000604	0.00000	0.000000	6	0	6	604
GCfix_010039	0.00194	0.000648	0.00000	0.000000	6	0	6	648
GCfix_009699	0.00194	0.000642	0.00000	0.000000	6	0	6	642
GCfix_008713	0.00194	0.000648	0.00000	0.000000	6	0	6	648
GCfix_007922	0.00194	0.000646	0.00000	0.000000	6	0	6	646
GCfix_007281	0.00194	0.000646	0.00000	0.000000	6	0	6	646
GCfix_007180	0.00194	0.000598	0.00000	0.000000	6	0	6	598
GCfix_006032	0.00194	0.000646	0.00000	0.000000	6	0	6	646
GCfix_005488	0.00194	0.000642	0.00000	0.000000	6	0	6	642
GCfix_004694	0.00194	0.000648	0.00000	0.000000	6	0	6	648
GCfix_002913	0.00194	0.000516	0.00000	0.000000	6	0	6	516
GCfix_002482	0.00194	0.000648	0.00000	0.000000	6	0	6	648
GCfix_002268	0.00194	0.000638	0.00000	0.000000	6	0	6	638
GCfix_000026	0.00194	0.000638	0.00000	0.000000	6	0	6	638
GCall_011987	0.00194	0.000648	0.00000	0.000000	6	0	6	648
GCall_011580	0.00194	0.000232	0.00000	0.000000	6	0	6	232
GCall_010490	0.00194	0.000642	0.00000	0.000000	6	0	6	642
GCall_010222	0.00194	0.000574	0.00000	0.000000	6	0	6	574
GCall_009972	0.00194	0.000648	0.00000	0.000000	6	0	6	648
GCall_009362	0.00194	0.000648	0.00000	0.000000	6	0	6	648
GCall_009316	0.00194	0.000644	0.00000	0.000000	6	0	6	644
GCall_006159	0.00194	0.000524	0.00000	0.000000	6	0	6	524
GCall_005901	0.00194	0.000608	0.00000	0.000000	6	0	6	608
GCall_005534	0.00194	0.000648	0.00000	0.000000	6	0	6	648
GCall_005335	0.00194	0.000564	0.00000	0.000000	6	0	6	564
GCall_004890	0.00194	0.000410	0.00000	0.000000	6	0	6	410
GCall_004341	0.00194	0.000646	0.00000	0.000000	6	0	6	646
GCall_003974	0.00194	0.000646	0.00000	0.000000	6	0	6	646
GCall_003959	0.00194	0.000648	0.00000	0.000000	6	0	6	648
GCall_002500	0.00194	0.000484	0.00000	0.000000	6	0	6	484
GCall_000070	0.00194	0.000648	0.00000	0.000000	6	0	6	648
GCfix_001024	0.00162	0.000556	0.00000	0.000000	5	0	6	706
GCall_007891	0.00162	0.000578	0.00000	0.000000	5	0	6	728
GCall_003056	0.00162	0.000582	0.00000	0.000000	5	0	6	732
GCfix_011811	0.00129	0.000414	0.00000	0.000000	4	0	4	414
GCfix_010325	0.00129	0.000432	0.00000	0.000000	4	0	4	432
GCfix_009742	0.00129	0.000426	0.00000	0.000000	4	0	4	426
GCfix_009379	0.00129	0.000314	0.00000	0.000000	4	0	4	314
GCfix_009101	0.00129	0.000242	0.00000	0.000000	4	0	4	242
GCfix_008711	0.00129	0.000428	0.00000	0.000000	4	0	4	428
GCfix_007078	0.00129	0.000430	0.00000	0.000000	4	0	4	430
GCfix_006675	0.00129	0.000432	0.00000	0.000000	4	0	4	432
GCfix_003988	0.00129	0.000432	0.00000	0.000000	4	0	4	432
GCfix_003752	0.00129	0.000430	0.00000	0.000000	4	0	4	430
GCfix_003707	0.00129	0.000432	0.00000	0.000000	4	0	4	432
GCfix_003591	0.00129	0.000430	0.00000	0.000000	4	0	4	430
GCfix_003507	0.00129	0.000410	0.00000	0.000000	4	0	4	410
GCfix_003441	0.00129	0.000356	0.00000	0.000000	4	0	4	356
GCfix_002984	0.00129	0.000368	0.00000	0.000000	4	0	4	368
GCfix_002262	0.00129	0.000432	0.00000	0.000000	4	0	4	432
GCfix_000501	0.00129	0.000432	0.00000	0.000000	4	0	4	432
GCfix_000468	0.00129	0.000430	0.00000	0.000000	4	0	4	430
GCfix_000183	0.00129	0.000432	0.00000	0.000000	4	0	4	432
GCall_010929	0.00129	0.000430	0.00000	0.000000	4	0	4	430
GCall_010467	0.00129	0.000432	0.00000	0.000000	4	0	4	432
GCall_010305	0.00129	0.000432	0.00000	0.000000	4	0	4	432
GCall_008497	0.00129	0.000434	0.00000	0.000000	4	0	4	434
GCall_006569	0.00129	0.000424	0.00000	0.000000	4	0	4	424
GCall_005948	0.00129	0.000432	0.00000	0.000000	4	0	4	432
GCall_005618	0.00129	0.000432	0.00000	0.000000	4	0	4	432
GCall_005548	0.00129	0.000432	0.00000	0.000000	4	0	4	432
GCall_005457	0.00129	0.000432	0.00000	0.000000	4	0	4	432
GCall_004501	0.00129	0.000428	0.00000	0.000000	4	0	4	428
GCall_004087	0.00129	0.000430	0.00000	0.000000	4	0	4	430
GCall_002469	0.00129	0.000354	0.00000	0.000000	4	0	4	354
GCall_002199	0.00129	0.000414	0.00000	0.000000	4	0	4	414
GCall_002159	0.00129	0.000432	0.00000	0.000000	4	0	4	432
GCall_001972	0.00129	0.000386	0.00000	0.000000	4	0	4	386
GCall_001874	0.00129	0.000132	0.00000	0.000000	4	0	4	132
GCall_001387	0.00129	0.000432	0.00000	0.000000	4	0	4	432
GCall_001158	0.00129	0.000432	0.00000	0.000000	4	0	4	432
GCall_000432	0.00129	0.000432	0.00000	0.000000	4	0	4	432
GCall_000431	0.00129	0.000432	0.00000	0.000000	4	0	4	432
GCall_000293	0.00129	0.000234	0.00000	0.000000	4	0	4	234
GCfix_006234	0.00097	0.000198	0.00000	0.000000	3	0	4	234
GCall_006793	0.00097	0.000366	0.00000	0.000000	3	0	4	516
GCfix_010181	0.00065	0.000216	0.00000	0.000000	2	0	2	216
GCfix_010019	0.00065	0.000216	0.00000	0.000000	2	0	2	216
GCfix_010005	0.00065	0.000216	0.00000	0.000000	2	0	2	216
GCfix_008781	0.00065	0.000216	0.00000	0.000000	2	0	2	216
GCfix_008279	0.00065	0.000216	0.00000	0.000000	2	0	2	216
GCfix_008116	0.00065	0.000216	0.00000	0.000000	2	0	2	216
GCfix_008068	0.00065	0.000216	0.00000	0.000000	2	0	2	216
GCfix_006994	0.00065	0.000216	0.00000	0.000000	2	0	2	216
GCfix_006390	0.00065	0.000216	0.00000	0.000000	2	0	2	216
GCfix_005845	0.00065	0.000178	0.00000	0.000000	2	0	2	178
GCfix_005294	0.00065	0.000104	0.00000	0.000000	2	0	2	104
GCfix_003914	0.00065	0.000216	0.00000	0.000000	2	0	2	216
GCfix_003449	0.00065	0.000132	0.00000	0.000000	2	0	2	132
GCfix_002463	0.00065	0.000216	0.00000	0.000000	2	0	2	216
GCfix_002254	0.00065	0.000216	0.00000	0.000000	2	0	2	216
GCfix_001959	0.00065	0.000216	0.00000	0.000000	2	0	2	216
GCfix_001845	0.00065	0.000216	0.00000	0.000000	2	0	2	216
GCfix_001733	0.00065	0.000216	0.00000	0.000000	2	0	2	216
GCfix_001592	0.00065	0.000216	0.00000	0.000000	2	0	2	216
GCfix_001590	0.00065	0.000216	0.00000	0.000000	2	0	2	216
GCfix_001324	0.00065	0.000116	0.00000	0.000000	2	0	2	116
GCall_011493	0.00065	0.000216	0.00000	0.000000	2	0	2	216
GCall_010432	0.00065	0.000216	0.00000	0.000000	2	0	2	216
GCall_009992	0.00065	0.000216	0.00000	0.000000	2	0	2	216
GCall_009953	0.00065	0.000216	0.00000	0.000000	2	0	2	216
GCall_009296	0.00065	0.000216	0.00000	0.000000	2	0	2	216
GCall_006119	0.00065	0.000214	0.00000	0.000000	2	0	2	214
GCall_005896	0.00065	0.000118	0.00000	0.000000	2	0	2	118
GCall_005641	0.00065	0.000212	0.00000	0.000000	2	0	2	212
GCall_004880	0.00065	0.000208	0.00000	0.000000	2	0	2	208
GCall_004301	0.00065	0.000086	0.00000	0.000000	2	0	2	86
GCall_002631	0.00065	0.000216	0.00000	0.000000	2	0	2	216
GCall_002145	0.00065	0.000216	0.00000	0.000000	2	0	2	216
GCall_001492	0.00065	0.000216	0.00000	0.000000	2	0	2	216
GCall_001267	0.00065	0.000216	0.00000	0.000000	2	0	2	216
GCall_001015	0.00065	0.000216	0.00000	0.000000	2	0	2	216
GCall_000765	0.00065	0.000216	0.00000	0.000000	2	0	2	216
GCall_000198	0.00065	0.000214	0.00000	0.000000	2	0	2	214
GCall_008824	0.00032	0.000150	0.00000	0.000000	1	0	2	300
